7.533850371045153205e-02 1.254937018814058503e-01 2.144344659518475082e-01
7.798200833601420801e-02 1.283736400043367643e-01 2.198849816311057026e-01
8.060795846182997049e-02 1.312459613026911442e-01 2.253295060975963882e-01
8.320436314353199525e-02 1.341041608556997333e-01 2.308292331642526340e-01
8.578075813207053368e-02 1.369543176692729070e-01 2.363361664439773135e-01
8.832888467654817499e-02 1.397923224493243244e-01 2.418906378574911531e-01
9.085505526498341422e-02 1.426223953187419624e-01 2.474607106610482998e-01
9.335290804529638997e-02 1.454417264147902789e-01 2.530754994482967146e-01
9.582755347263763324e-02 1.482538704879495517e-01 2.587088181007525800e-01
9.827227990464590390e-02 1.510560795259242306e-01 2.643894496348941359e-01
1.006934635408218148e-01 1.538525725455032467e-01 2.700854012869202125e-01
1.030812876433714054e-01 1.566393031143429315e-01 2.758372297341252222e-01
1.054464162266000038e-01 1.594225965703332526e-01 2.815943691247910219e-01
1.077725457503117545e-01 1.621956562363525423e-01 2.874224108833319247e-01
1.100745236231714386e-01 1.649667083797718981e-01 2.932538047747511034e-01
1.123368407470635155e-01 1.677298757148020791e-01 2.991470435545331430e-01
1.145675058622102616e-01 1.704901478376231738e-01 3.050634874235760297e-01
1.167629350717831194e-01 1.732473357938908720e-01 3.110112267048993351e-01
1.189142273246916459e-01 1.759994261165634954e-01 3.170160989337507118e-01
1.210308122989561808e-01 1.787518133794814557e-01 3.230355070419415053e-01
1.230995953964857947e-01 1.815012849826717900e-01 3.291078350142092601e-01
1.251209948001311134e-01 1.842500755584872696e-01 3.352211740980725052e-01
1.270981545463609752e-01 1.870012394786402521e-01 3.413553582450890578e-01
1.290192481596410257e-01 1.897531188965540516e-01 3.475375636871253504e-01
1.308802748915446068e-01 1.925070908328629926e-01 3.537667393157393758e-01
1.326840991480779663e-01 1.952665668190741166e-01 3.600210666283999439e-01
1.344253877443521705e-01 1.980327138952935329e-01 3.663025853650271335e-01
1.360910828950916973e-01 2.008053540557621641e-01 3.726310530324488668e-01
1.376770014605196157e-01 2.035870090604933735e-01 3.789989418992520953e-01
1.391813287038351221e-01 2.063808302286077034e-01 3.853920578434192890e-01
1.405961559796834737e-01 2.091890043438198177e-01 3.918096144009868831e-01
1.419127988092845905e-01 2.120140666193654488e-01 3.982496917252100199e-01
1.431218047308541741e-01 2.148589421358365614e-01 4.047089490846715876e-01
1.442129988549668840e-01 2.177269800416785084e-01 4.111823150995132514e-01
1.451755797355092914e-01 2.206219741391503564e-01 4.176626721688542765e-01
1.459982790366390060e-01 2.235481617619868300e-01 4.241405603871596930e-01
1.466695978178597926e-01 2.265101914890984003e-01 4.306039359128019384e-01
1.471781292171470412e-01 2.295130497864108499e-01 4.370380276517439877e-01
1.475129710417160400e-01 2.325619378299351170e-01 4.434253417771815697e-01
1.476642217345869035e-01 2.356620932511529487e-01 4.497458628516963208e-01
1.476195169785567418e-01 2.388187192022106498e-01 4.559815143080782618e-01
1.473657615016223665e-01 2.420369724306649095e-01 4.621137446610714128e-01
1.469115751545544968e-01 2.453202686548826561e-01 4.681057377440564493e-01
1.462576406486681413e-01 2.486711497995862663e-01 4.739340058918818932e-01
1.453988201755182508e-01 2.520917151629846198e-01 4.795829464938514142e-01
1.443584445833718255e-01 2.555802329549891616e-01 4.850237885378415048e-01
1.431477162904381262e-01 2.591345797861111522e-01 4.902440706771469814e-01
1.417851163517785951e-01 2.627506555552086565e-01 4.952341417632317166e-01
1.402898580354982605e-01 2.664232287179125747e-01 4.999906853665953554e-01
1.386867318520399184e-01 2.701455216866603393e-01 5.045143585955994547e-01
1.369894371880514550e-01 2.739118099177595966e-01 5.088136721895462067e-01
1.352157458160117842e-01 2.777156378895863087e-01 5.128985014553008037e-01
1.333885119242066153e-01 2.815497413891926981e-01 5.167802288238152464e-01
1.315101990790064068e-01 2.854101299426702876e-01 5.204743160829453652e-01
1.295928291398160681e-01 2.892916427515244693e-01 5.239944470667223797e-01
1.276578046089509311e-01 2.931879203997119210e-01 5.273541074424671349e-01
1.256990606243718334e-01 2.970972845821394093e-01 5.305675986161264568e-01
1.237228044340822342e-01 3.010164566747453585e-01 5.336473266718492203e-01
1.217342802323787831e-01 3.049426190921811775e-01 5.366048823721564220e-01
1.197492256342883865e-01 3.088716015483665700e-01 5.394517341617616202e-01
1.177593569358065251e-01 3.128032920089078850e-01 5.421973063699915274e-01
1.157672558146405350e-01 3.167360887566874061e-01 5.448504353263089461e-01
1.137754045555894877e-01 3.206686141458527373e-01 5.474191678355878610e-01
1.117859048627126151e-01 3.245997348192692922e-01 5.499107953833279883e-01
1.098005527607728848e-01 3.285285276855935410e-01 5.523319105421587993e-01
1.078209050598138707e-01 3.324542494580961516e-01 5.546884649151363478e-01
1.058523105517649165e-01 3.363757444640034233e-01 5.569864268945705632e-01
1.038919219196610400e-01 3.402931543623428090e-01 5.592300716619893475e-01
1.019402312387384379e-01 3.442062191745042798e-01 5.614236356425549301e-01
9.999842541959905184e-02 3.481146638478442301e-01 5.635710370710795836e-01
9.806769014953650720e-02 3.520182895191572015e-01 5.656758131345568374e-01
9.614924151100570637e-02 3.559169610699547959e-01 5.677411577338494775e-01
9.424435535316746937e-02 3.598105964742617791e-01 5.697699555149232653e-01
9.235439498580103046e-02 3.636991576969577644e-01 5.717648123983172237e-01
9.048083769593651127e-02 3.675826429254134831e-01 5.737280828720626724e-01
8.862530051912118068e-02 3.714610799420554055e-01 5.756618943275089162e-01
8.678956562959549981e-02 3.753345204693325221e-01 5.775681687168110479e-01
8.497560564491385415e-02 3.792030353406298238e-01 5.794486418006770112e-01
8.318560906996261273e-02 3.830667103706018595e-01 5.813048802390431424e-01
8.142200602919771879e-02 3.869256428161521044e-01 5.831382967583653709e-01
7.968749435322333707e-02 3.907799383348065092e-01 5.849501636089763368e-01
7.798506599179275134e-02 3.946297083607703260e-01 5.867416245056427115e-01
7.631803361890515669e-02 3.984750678305704619e-01 5.885137052248680112e-01
7.469005717216839479e-02 4.023161332001788937e-01 5.902673230140499383e-01
7.310516992708457340e-02 4.061530207039926177e-01 5.920032949506155440e-01
7.156780354529312937e-02 4.099858448132505662e-01 5.937223453737571210e-01
7.008281135379954008e-02 4.138147168575621593e-01 5.954251124975195042e-01
6.865548891327608039e-02 4.176397437783385125e-01 5.971121543015456279e-01
6.729159072184265344e-02 4.214610269872277049e-01 5.987839537848226312e-01
6.599734168766427378e-02 4.252786613062538024e-01 6.004409236581365050e-01
6.477944180325165280e-02 4.290927339693680342e-01 6.020834105425020288e-01
6.364506228915264852e-02 4.329033236676240182e-01 6.037116987335531260e-01
6.260183137207839255e-02 4.367104996222717639e-01 6.053260135855961233e-01
6.165780785719381790e-02 4.405143206717885285e-01 6.069265245636648043e-01
6.082144078398579040e-02 4.443148343602981720e-01 6.085133480074123025e-01
6.010151375850197181e-02 4.481120760160180461e-01 6.100865496469063398e-01
5.950697896106903889e-02 4.519060752121797919e-01 6.116461275752451687e-01
5.904682901099907871e-02 4.556968576167736429e-01 6.131920048189275496e-01
5.873069502974490735e-02 4.594843893736889062e-01 6.147241769943360135e-01
5.856786294228086970e-02 4.632686442040763741e-01 6.162425372397657419e-01
5.856744393904202844e-02 4.670495784983033638e-01 6.177469389488976503e-01
5.873823855974848879e-02 4.708271301852935964e-01 6.192371974719778072e-01
5.908859994462672266e-02 4.746012175363659158e-01 6.207130917918530777e-01
5.962630254259195656e-02 4.783717378983412538e-01 6.221743662046274048e-01
6.035842287420154634e-02 4.821385663514464182e-01 6.236207320354762995e-01
6.129110535593319115e-02 4.859015650217909932e-01 6.250518351413083540e-01
6.242896245275667694e-02 4.896606254058715746e-01 6.264671098588653342e-01
6.377713469476217756e-02 4.934154964394034670e-01 6.278663295816139245e-01
6.533917082050588743e-02 4.971659505664421386e-01 6.292490792251541620e-01
6.711769871243097874e-02 5.009117295912208778e-01 6.306149208599252098e-01
6.911446452723238321e-02 5.046525427898742588e-01 6.319633965069993975e-01
7.133039596002901939e-02 5.083880649530666540e-01 6.332940312548684947e-01
7.376568465589691814e-02 5.121179343714789001e-01 6.346063367472619676e-01
7.641988199042590302e-02 5.158417507804828883e-01 6.358998150945709416e-01
7.929200219580542774e-02 5.195590732854450389e-01 6.371739632636602702e-01
8.238062705494034188e-02 5.232694182950906603e-01 6.384282780024986836e-01
8.568400701746364811e-02 5.269722574972054430e-01 6.396622613568656579e-01
8.920015447517701257e-02 5.306670159187598657e-01 6.408754268361079864e-01
9.292692593817331037e-02 5.343530701212990675e-01 6.420673062831526723e-01
9.686033996005757873e-02 5.380300223411684790e-01 6.432360415306898060e-01
1.009991563004723203e-01 5.416970615520818599e-01 6.443814707819847110e-01
1.053425154546498987e-01 5.453532146615120979e-01 6.455041461969857064e-01
1.098882799518570708e-01 5.489976409393364509e-01 6.466037654423341108e-01
1.146343381706113329e-01 5.526294458766128903e-01 6.476800958742108261e-01
1.195785976234878811e-01 5.562476820276058831e-01 6.487329869701194962e-01
1.247182237978333996e-01 5.598517620149857654e-01 6.497593240441088547e-01
1.300526388604921202e-01 5.634402685713695291e-01 6.507613520373581872e-01
1.355799273260606397e-01 5.670119977194307825e-01 6.517399696587242719e-01
1.412977593855133385e-01 5.705658052799955637e-01 6.526955413260159267e-01
1.472044366537496318e-01 5.741007628576253463e-01 6.536258349686394631e-01
1.532977178399990148e-01 5.776154907509162273e-01 6.545326194197792491e-01
1.595740697301056277e-01 5.811085975633164535e-01 6.554185519467574661e-01
1.660303664566422366e-01 5.845789099455142024e-01 6.562839855603400663e-01
1.726647941327073554e-01 5.880253094440701656e-01 6.571275774266734926e-01
1.794703750516851160e-01 5.914463802949924132e-01 6.579548577566470824e-01
1.864422341807164263e-01 5.948410248559231617e-01 6.587670860896521763e-01
1.935767123178950277e-01 5.982081872723712390e-01 6.595642058724071610e-01
2.008636018164243198e-01 6.015468492780353671e-01 6.603522547083056082e-01
2.082964470586322614e-01 6.048561842449866610e-01 6.611327862056091131e-01
2.158666445761873165e-01 6.081354943434181815e-01 6.619089749141197077e-01
2.235625677110497089e-01 6.113843385057978752e-01 6.626858429140489726e-01
2.313752894069279753e-01 6.146023769542797721e-01 6.634658718630850327e-01
2.392918912104884943e-01 6.177896113735439343e-01 6.642541255997901350e-01
2.473004929654548101e-01 6.209462207088826124e-01 6.650545316249784067e-01
2.553881499498240060e-01 6.240726578830757543e-01 6.658714594023157352e-01
2.635429489846807805e-01 6.271695261502659990e-01 6.667084315420244156e-01
2.717500143572081361e-01 6.302378649777625741e-01 6.675706111849730728e-01
2.799982664198701343e-01 6.332786560857738278e-01 6.684607779885451961e-01
2.882764107371587059e-01 6.362930783638121035e-01 6.693818784563820845e-01
2.965679299316989481e-01 6.392830065941657036e-01 6.703397039265338586e-01
3.048675329912142740e-01 6.422494572124649581e-01 6.713339242760207881e-01
3.131632541581140239e-01 6.451942261468917028e-01 6.723679713198993380e-01
3.214419530494010413e-01 6.481194449700069526e-01 6.734458719960577655e-01
3.297015376684530041e-01 6.510261535541191913e-01 6.745661060822188970e-01
3.379339911327769452e-01 6.539161248353848599e-01 6.757303846137480141e-01
3.461251801514205750e-01 6.567920419655719488e-01 6.769434736517173645e-01
3.542781105691176213e-01 6.596545328294945998e-01 6.782018678383222587e-01
3.623881784896348379e-01 6.625051869715822273e-01 6.795060014030781526e-01
3.704490841525827638e-01 6.653458931727095349e-01 6.808572195155190299e-01
3.784535982544874333e-01 6.681787648715072914e-01 6.822573647722217638e-01
3.864057486132160824e-01 6.710043049253785474e-01 6.837031733354468344e-01
3.943035518531745609e-01 6.738238594471832599e-01 6.851943356748328995e-01
4.021455141939849764e-01 6.766387071549928578e-01 6.867304210698360611e-01
4.099305825131863146e-01 6.794500575899576900e-01 6.883108948880746203e-01
4.176521704291110137e-01 6.822600524982852521e-01 6.899377581149535033e-01
4.253164544507967992e-01 6.850687109886888226e-01 6.916074092017165942e-01
4.329234905707868841e-01 6.878770164392267183e-01 6.933190753607573198e-01
4.404735471401447500e-01 6.906858950918992601e-01 6.950719596997473326e-01
4.479671076914291672e-01 6.934962122584491517e-01 6.968652345844964513e-01
4.554048380499608473e-01 6.963087752811982778e-01 6.986980510906426467e-01
4.627875564931121510e-01 6.991243367399013753e-01 7.005695473044682986e-01
4.701162068750426859e-01 7.019435978095095452e-01 7.024788555413583602e-01
4.773918345910749816e-01 7.047672116893016758e-01 7.044251085588021377e-01
4.846155652254838242e-01 7.075957870380891190e-01 7.064074448453704358e-01
4.917885857065210087e-01 7.104298913630976431e-01 7.084250130686325919e-01
4.989121277812024746e-01 7.132700543214914868e-01 7.104769757641203887e-01
5.059874536180387627e-01 7.161167709033935402e-01 7.125625123448080522e-01
5.130158433467123524e-01 7.189705044737364492e-01 7.146808215066914327e-01
5.199985843488159620e-01 7.218316896573725439e-01 7.168311231012488571e-01
5.269369621215039823e-01 7.247007350578108520e-01 7.190126595402805965e-01
5.338322525458520929e-01 7.275780258047647164e-01 7.212246967930283637e-01
5.406857154028594792e-01 7.304639259295718778e-01 7.234665250298377703e-01
5.474985889917954873e-01 7.333587805705894525e-01 7.257374589610422477e-01
5.542720857177232396e-01 7.362629180130205730e-01 7.280368379143952184e-01
5.610073885268627158e-01 7.391766515693815043e-01 7.303640256892229843e-01
5.677056480801558891e-01 7.421002813080619376e-01 7.327184102206947269e-01
5.743679805663237659e-01 7.450340956383146862e-01 7.350994030830950710e-01
5.809954660661883485e-01 7.479783727605048282e-01 7.375064388568488560e-01
5.875891473896631689e-01 7.509333819907502150e-01 7.399389743802283759e-01
5.941495771443888740e-01 7.538994982219874297e-01 7.423966742835591548e-01
6.006760248953557646e-01 7.568774092253431895e-01 7.448797374054969556e-01
6.071716840351613076e-01 7.598668016069211051e-01 7.473867490924169799e-01
6.136374664720553040e-01 7.628679131320034168e-01 7.499172372679474563e-01
6.200742441933476679e-01 7.658809780150280799e-01 7.524707477727640148e-01
6.264828497849461719e-01 7.689062276942127960e-01 7.550468431500654276e-01
6.328640770882966171e-01 7.719438915365394172e-01 7.576451013767177001e-01
6.392186819667785569e-01 7.749941974805297784e-01 7.602651145394608845e-01
6.455463004089389001e-01 7.780576642650693930e-01 7.629069389964969750e-01
6.518474804675186141e-01 7.811345621649079529e-01 7.655702507196761042e-01
6.581243422307925250e-01 7.842247227233114515e-01 7.682540628653391490e-01
6.643775096743875785e-01 7.873283686688770100e-01 7.709580047627436761e-01
6.706075721450827087e-01 7.904457241875765261e-01 7.736817126090862473e-01
6.768150854701546759e-01 7.935770153240522262e-01 7.764248276332930132e-01
6.830003420710866191e-01 7.967225353876496996e-01 7.791870925063399955e-01
6.891625250405843950e-01 7.998828874654135834e-01 7.819687139760536088e-01
6.953039461788609321e-01 8.030577861846922572e-01 7.847685507430376406e-01
7.014250422769681137e-01 8.062474656411676710e-01 7.875862401235663723e-01
7.075262211644159915e-01 8.094521639049451212e-01 7.904214130632856161e-01
7.136078629816098307e-01 8.126721233190161708e-01 7.932736910703368505e-01
7.196698357269190049e-01 8.159077325495392996e-01 7.961428970350156176e-01
7.257124743892136021e-01 8.191592437410778471e-01 7.990286251488621927e-01
7.317368910988235609e-01 8.224266778671016631e-01 8.019300908361034486e-01
7.377433669051807197e-01 8.257102962188772599e-01 8.048468377937200158e-01
7.437321619297094788e-01 8.290103660023053767e-01 8.077783785963220664e-01
7.497035175512994920e-01 8.323271604693144310e-01 8.107241885030961326e-01
7.556572780428304492e-01 8.356610732611883252e-01 8.136838760269312631e-01
7.615943498669760503e-01 8.390121819290374816e-01 8.166564984884875367e-01
7.675149340410037935e-01 8.423807771203394301e-01 8.196413684787861031e-01
7.734192195010641813e-01 8.457671572406544325e-01 8.226377291416688831e-01
7.793073943537773829e-01 8.491716260869891508e-01 8.256447395690431623e-01
7.851798140121940550e-01 8.525944426831011391e-01 8.286613804195821498e-01
7.910368438928524482e-01 8.560358699106085378e-01 8.316865156412974747e-01
7.968786775104242937e-01 8.594962314823969551e-01 8.347189737513067698e-01
8.027055703924242946e-01 8.629758420246197437e-01 8.377574200417807759e-01
8.085178286659315816e-01 8.664750115968706812e-01 8.408003482800863182e-01
8.143161021260134635e-01 8.699939568360590680e-01 8.438459044007167176e-01
8.201012453215829057e-01 8.735328444405684456e-01 8.468919329996011935e-01
8.258734190382945872e-01 8.770920673214414043e-01 8.499364826161596165e-01
8.316333472458156129e-01 8.806718591941092855e-01 8.529771032500007566e-01
8.373819441262021490e-01 8.842724081465970221e-01 8.560110442739625736e-01
8.431203585645589138e-01 8.878938413328012480e-01 8.590352317910404656e-01
8.488510821468514544e-01 8.915358865737116334e-01 8.620455354129348269e-01
8.545752134902667718e-01 8.951986992462616088e-01 8.650385814881932367e-01
8.602947166608231333e-01 8.988821670049834678e-01 8.680103767479335763e-01
8.660122048070946210e-01 9.025859680230216009e-01 8.709564831830318710e-01
8.717307946450230105e-01 9.063096041760454469e-01 8.738721956898505283e-01
8.774541413727584560e-01 9.100523772003370482e-01 8.767526225474766566e-01
8.831878150751555356e-01 9.138129739207616620e-01 8.795916044251156363e-01
8.889355426900860113e-01 9.175905497206254813e-01 8.823850141087594690e-01
8.947023143183283622e-01 9.213837981990132819e-01 8.851283654774276810e-01
9.004936690675732214e-01 9.251911526638134653e-01 8.878174508453193781e-01
9.063153169611947169e-01 9.290108908287294520e-01 8.904487113421538647e-01
9.121729163758888204e-01 9.328412016052071154e-01 8.930194148686504407e-01
9.180718168603660967e-01 9.366802712319758362e-01 8.955277879053074042e-01
9.240183283953367077e-01 9.405259570691733018e-01 8.979713824775370501e-01
9.300152192652438865e-01 9.443770682023406859e-01 9.003516712153544210e-01
9.360651403800571702e-01 9.482324505958691363e-01 9.026700828802037835e-01
9.421698074688767965e-01 9.520912566833917845e-01 9.049284988369561411e-01
9.483297077093159055e-01 9.559530636443972496e-01 9.071292722692129162e-01
9.545441318639359407e-01 9.598178946325067740e-01 9.092749630516986370e-01
9.608112770414743986e-01 9.636862113108458638e-01 9.113680812968560918e-01
9.671283981728170387e-01 9.675588829837175053e-01 9.134108667858679143e-01
9.734919827379805435e-01 9.714371401086873137e-01 9.154051224510575402e-01
9.798979248166029832e-01 9.753225206339665165e-01 9.173521097662891144e-01
9.863416796906231410e-01 9.792168167032243575e-01 9.192525048190108850e-01
9.928183870443118009e-01 9.831220273829631706e-01 9.211064074982346916e-01
