7.375452768068666010e-02 1.238804817145915949e-01 2.127617910850401750e-01
7.878266895228361322e-02 1.293796429713815754e-01 2.233888749089584236e-01
8.371689031165255312e-02 1.348362485250578779e-01 2.341287411859362955e-01
8.855497774084386542e-02 1.402536014816029297e-01 2.449874230403124020e-01
9.329332111293001106e-02 1.456350818095170085e-01 2.559704017760491834e-01
9.792685692302580125e-02 1.509842436694248113e-01 2.670824217366222775e-01
1.024489697024991708e-01 1.563049251393898165e-01 2.783272513767466316e-01
1.068478845326088778e-01 1.615997783657742992e-01 2.897215053498112258e-01
1.111125120407342459e-01 1.668735299289942908e-01 3.012673613235242742e-01
1.152317520476791868e-01 1.721326154567041078e-01 3.129563113204508751e-01
1.191902666367896935e-01 1.773835801698751546e-01 3.247845101976578053e-01
1.229630934055620517e-01 1.826319553160511144e-01 3.367661933621823867e-01
1.265188578625320859e-01 1.878848448803353832e-01 3.489141127477231041e-01
1.298382850730822047e-01 1.931565563237102046e-01 3.611836714539409798e-01
1.328622100654887894e-01 1.984551905448939668e-01 3.736168467052478626e-01
1.355532603389138779e-01 2.038003094776801305e-01 3.861612801848921528e-01
1.378480356846270571e-01 2.092118658702248890e-01 3.987944478337683285e-01
1.396662728524205310e-01 2.147151175231349352e-01 4.114821428745394916e-01
1.409173112819358809e-01 2.203425341863093356e-01 4.241571737372800133e-01
1.415064352096067068e-01 2.261332194435534682e-01 4.367109543241276537e-01
1.413442565331786138e-01 2.321297833006473743e-01 4.489939856122251993e-01
1.403437650567963546e-01 2.383734767086569395e-01 4.608394991698139820e-01
1.385128917243027558e-01 2.448907579241007548e-01 4.720243338161392299e-01
1.359144078474891493e-01 2.516838611442752116e-01 4.823756995746005249e-01
1.326815736566617776e-01 2.587265149794272245e-01 4.917922253789525633e-01
1.289818243060634473e-01 2.659712843263720150e-01 5.002656643347502818e-01
1.249597606522328264e-01 2.733657835874339082e-01 5.078664664614751523e-01
1.207225156598252525e-01 2.808630731949767201e-01 5.147024625782229412e-01
1.163707852276152643e-01 2.884212896789990488e-01 5.208884545599243854e-01
1.119291637451091392e-01 2.960158675596598621e-01 5.265322074482655657e-01
1.074549657044395479e-01 3.036225244674055634e-01 5.317265203828953624e-01
1.029557706180635468e-01 3.112290684682503805e-01 5.365473540063894209e-01
9.844495217697776801e-02 3.188258601340139275e-01 5.410568386804969210e-01
9.393524425505339615e-02 3.264060693136550118e-01 5.453059080916752288e-01
8.943829034100228559e-02 3.339651556095771801e-01 5.493362606272288451e-01
8.496258465487077638e-02 3.415006532480689416e-01 5.531815403805556697e-01
8.051242651469878164e-02 3.490118565634596215e-01 5.568683014962372280e-01
7.609824670041531736e-02 3.564982797117322577e-01 5.604188461050022552e-01
7.173280322710984258e-02 3.639600359554055475e-01 5.638514304259782950e-01
6.743225855779688693e-02 3.713976372746862209e-01 5.671810227182790820e-01
6.321841717021006724e-02 3.788117481917818163e-01 5.704200996755455222e-01
5.911816966081350627e-02 3.862032719502290212e-01 5.735787755308953129e-01
5.516319721057411779e-02 3.935733945089756602e-01 5.766648703700228973e-01
5.139569833473541655e-02 4.009231361652045300e-01 5.796849818849378888e-01
4.786818331145251820e-02 4.082534797322170950e-01 5.826444061283960751e-01
4.464469940741947612e-02 4.155653391396098573e-01 5.855473233739779682e-01
4.180136668846936437e-02 4.228595343046407384e-01 5.883969469507493999e-01
3.941597316774306248e-02 4.301367699822445378e-01 5.911956435804143206e-01
3.762482486197080839e-02 4.373976169141034487e-01 5.939450318834863518e-01
3.651290183991928034e-02 4.446425599092810876e-01 5.966458762722340881e-01
3.613551637792868781e-02 4.518719116875946074e-01 5.992983211370016550e-01
3.655807333145941890e-02 4.590856547370679164e-01 6.019023812895284431e-01
3.785392367215682091e-02 4.662836176978106262e-01 6.044574527630776073e-01
4.010621616962087993e-02 4.734654004123857729e-01 6.069625137393662717e-01
4.329952392390589572e-02 4.806303514749756256e-01 6.094161758264345918e-01
4.738763046112210581e-02 4.877775436149980881e-01 6.118167377147303299e-01
5.233159256554247712e-02 4.949057468975561203e-01 6.141622438580637278e-01
5.807773330569900722e-02 5.020133999268199254e-01 6.164505509678875894e-01
6.456996432295214472e-02 5.090985795111419021e-01 6.186794052851808390e-01
7.175516659898645289e-02 5.161589696115773673e-01 6.208465337588430222e-01
7.958637194265974490e-02 5.231918308688027208e-01 6.229497523515203916e-01
8.802411319859687611e-02 5.301939726031941191e-01 6.249870946304023622e-01
9.703647807588910990e-02 5.371617299151567604e-01 6.269569634729504903e-01
1.065983531349944113e-01 5.440909493652944517e-01 6.288583079901622908e-01
1.166896339168781993e-01 5.509773127417857408e-01 6.306883522450008606e-01
1.272967349836015005e-01 5.578154274516933242e-01 6.324490503866098123e-01
1.384074097818662197e-01 5.645996035987917994e-01 6.341430574855043689e-01
1.500100856365018387e-01 5.713238889284530941e-01 6.357739310338467176e-01
1.620955431511745537e-01 5.779823603690845690e-01 6.373422681825735570e-01
1.746485164042727023e-01 5.845682755546047771e-01 6.388602441297881462e-01
1.876528542457028270e-01 5.910754875681399900e-01 6.403361901668358502e-01
2.010878850157035713e-01 5.974981069149812862e-01 6.417817734921228423e-01
2.149236579167635441e-01 6.038309604822617027e-01 6.432146996736073374e-01
2.291279721817113812e-01 6.100699244129050847e-01 6.446511379929169561e-01
2.436570075810266522e-01 6.162124215629711799e-01 6.461137366953515482e-01
2.584644456747849373e-01 6.222574938360471153e-01 6.476238459785863544e-01
2.734969292841880062e-01 6.282062193760760138e-01 6.492052865477231371e-01
2.886994359013159706e-01 6.340615943194476412e-01 6.508808321457331125e-01
3.040158861214909414e-01 6.398285335637757809e-01 6.526723481944675109e-01
3.193932538286687328e-01 6.455134571445227953e-01 6.545988494980784500e-01
3.347808938437593085e-01 6.511242110796833238e-01 6.566773818606911339e-01
3.501356405551472872e-01 6.566692780726389733e-01 6.589207026653494115e-01
3.654213378224532294e-01 6.621574800894355350e-01 6.613380559041250883e-01
3.806031872690569529e-01 6.675984973494892838e-01 6.639381547773087755e-01
3.956637874392905929e-01 6.730002534286074756e-01 6.667217545718492344e-01
4.105820563698476255e-01 6.783716727885383824e-01 6.696918876236761520e-01
4.253431590092540682e-01 6.837210984804624747e-01 6.728490910641957701e-01
4.399441906399617075e-01 6.890549783444528398e-01 6.761892159464052421e-01
4.543805514419360647e-01 6.943800013754861666e-01 6.797094425112620852e-01
4.686506826241542689e-01 6.997022309857795497e-01 6.834061347060852443e-01
4.827554569254017269e-01 7.050271214512342510e-01 6.872751023154842764e-01
4.966976312820991502e-01 7.103595533314811528e-01 6.913118218122418224e-01
5.104813709067613781e-01 7.157038807854544382e-01 6.955116164471591977e-01
5.241118466937575437e-01 7.210639851057468741e-01 6.998697985324291437e-01
5.375949029010652636e-01 7.264433301819162025e-01 7.043817782503553060e-01
5.509367890343442875e-01 7.318450168435245429e-01 7.090431439008514358e-01
5.641439483198947835e-01 7.372718340667596681e-01 7.138497185337510098e-01
5.772228546643823899e-01 7.427263058406944340e-01 7.187975976008701418e-01
5.901798902000726654e-01 7.482107330962625147e-01 7.238831717648437358e-01
6.030212561260647197e-01 7.537272305323458044e-01 7.291031384278658933e-01
6.157529103758525579e-01 7.592777584633227939e-01 7.344545049665720526e-01
6.283801950675413917e-01 7.648642427869445370e-01 7.399346780991535866e-01
6.409067897021061277e-01 7.704888995221553794e-01 7.455417143012198489e-01
6.533404290799382785e-01 7.761526223439910721e-01 7.512727671386287831e-01
6.656859218808254264e-01 7.818569473182498397e-01 7.571260243892943276e-01
6.779477395140203200e-01 7.876033580020962432e-01 7.630999551014174820e-01
6.901292421701927804e-01 7.933935373789807732e-01 7.691934763987490209e-01
7.022354034004832934e-01 7.992285482589331913e-01 7.754053206101512163e-01
7.142703279507570668e-01 8.051095838662559734e-01 7.817346437538347237e-01
7.262372603043188990e-01 8.110379908710284580e-01 7.881809931847310047e-01
7.381394651385690953e-01 8.170150042525898826e-01 7.947441199678394463e-01
7.499802149829204456e-01 8.230417520177542023e-01 8.014240058915229614e-01
7.617618694746535191e-01 8.291195673148495926e-01 8.082210317213561757e-01
7.734864886917250937e-01 8.352498001607838729e-01 8.151358636834493687e-01
7.851571149630378610e-01 8.414333764705456131e-01 8.221693145797781543e-01
7.967750195821847736e-01 8.476717447743424838e-01 8.293227548704373842e-01
8.083407379383604763e-01 8.539665453207815338e-01 8.365979358732730242e-01
8.198548112474083327e-01 8.603193533372420765e-01 8.439969358667989141e-01
8.313172637772553442e-01 8.667318645579512593e-01 8.515222590597950614e-01
8.427294737381920697e-01 8.732051987617311939e-01 8.591768335601858153e-01
8.540881762990334414e-01 8.797421270791387915e-01 8.669642921012777892e-01
8.653903267949205613e-01 8.863453074524029196e-01 8.748886844214770475e-01
8.766314700204014265e-01 8.930178971871692850e-01 8.829545601186590265e-01
8.878047711640391082e-01 8.997639541490261017e-01 8.911668575574754891e-01
8.988997100939005724e-01 9.065890082409965300e-01 8.995305281672434372e-01
9.098995383088198663e-01 9.135012012208061360e-01 9.080494910659911989e-01
9.207752646519006268e-01 9.205140393441557656e-01 9.167234816073731585e-01
9.314648217296949140e-01 9.276561415911053210e-01 9.255346245302628061e-01
9.376983744790335917e-01 9.308617602473903130e-01 9.303161951979864730e-01
9.302588237378206504e-01 9.226900140686101759e-01 9.186506821771993625e-01
9.226763758861601383e-01 9.147118869003242336e-01 9.063794313593375174e-01
9.151258241254669468e-01 9.068146146666041796e-01 8.939048780273254335e-01
9.076104566812216445e-01 8.989908076713621909e-01 8.812721777148974089e-01
9.001230798690783574e-01 8.912355192159427952e-01 8.685446109501414602e-01
8.926596526094511264e-01 8.835461920300164973e-01 8.557506529539942175e-01
8.852185744537650613e-01 8.759220673164411775e-01 8.428916965787559556e-01
8.777969969584370480e-01 8.683621929802206596e-01 8.299761802868220739e-01
8.703903941518836840e-01 8.608645599609451304e-01 8.170304098699064932e-01
8.629963267272005023e-01 8.534283225574988974e-01 8.040610095803748525e-01
8.556137474351938055e-01 8.460539643364541895e-01 7.910553225006529132e-01
8.482394698653559217e-01 8.387403880699484393e-01 7.780257365209380938e-01
8.408704404774922647e-01 8.314862899186178380e-01 7.649866956812892971e-01
8.335044918307911166e-01 8.242911279067846042e-01 7.519413133860335385e-01
8.261395896013424833e-01 8.171546267526929030e-01 7.388894071602849500e-01
8.187740644218999275e-01 8.100776818630761600e-01 7.258165386497008598e-01
8.114047616039824495e-01 8.030582858697553617e-01 7.127459489454576191e-01
8.040295342924637101e-01 7.960960309776823340e-01 6.996796714432490516e-01
7.966462151225186528e-01 7.891905365420851526e-01 6.866196012812547655e-01
7.892526098562948622e-01 7.823414464659997902e-01 6.735675362934376853e-01
7.818464803231969240e-01 7.755485334299246913e-01 6.605240472229920723e-01
7.744253121353759095e-01 7.688125750125253122e-01 6.474793313340543310e-01
7.669868535200357051e-01 7.621319918806551685e-01 6.344493950775942359e-01
7.595287945144246766e-01 7.555064922363752267e-01 6.214359634965936907e-01
7.520487800899179343e-01 7.489357996479564239e-01 6.084407795600573765e-01
7.445444075119452831e-01 7.424196514827353655e-01 5.954656189977525216e-01
7.370132240747448993e-01 7.359577973383074623e-01 5.825123029839420763e-01
7.294527251737318307e-01 7.295499974443300228e-01 5.695827089494158724e-01
7.218603526857497732e-01 7.231960210108591136e-01 5.566787797321895992e-01
7.142334936332479511e-01 7.168956445017021784e-01 5.438025312254216592e-01
7.065694791127973273e-01 7.106486498130243357e-01 5.309560586419902473e-01
6.988655834717497628e-01 7.044548223386090102e-01 5.181415414856753721e-01
6.911190237193248764e-01 6.983139489039826842e-01 5.053612472968297409e-01
6.833269591604049786e-01 6.922258155520805145e-01 4.926175342242389843e-01
6.754864912416811418e-01 6.861902051634395372e-01 4.799128524634244664e-01
6.675946636009137958e-01 6.802068948940829252e-01 4.672497445942239147e-01
6.596484623107335965e-01 6.742756534143905522e-01 4.546308448464855823e-01
6.516448163090037271e-01 6.683962379323514780e-01 4.420588773218780410e-01
6.435790845940094762e-01 6.625694184772243922e-01 4.295298059590878514e-01
6.354474277617871980e-01 6.567952192483533791e-01 4.170451584487361307e-01
6.272479641596349076e-01 6.510723392680298760e-01 4.046149403568433667e-01
6.189773279796563221e-01 6.454004653531346669e-01 3.922422833067585879e-01
6.106320995948252284e-01 6.397792533773144497e-01 3.799303914032768903e-01
6.022040606261235274e-01 6.342109816620891127e-01 3.676672041218900788e-01
5.936915137580185409e-01 6.286939752235679579e-01 3.554644185609398543e-01
5.850925841268612704e-01 6.232267427122712977e-01 3.433316494008455400e-01
5.763989268124691812e-01 6.178111268586223837e-01 3.312600196571869327e-01
5.676052603996903922e-01 6.124470932891146191e-01 3.192514858225575791e-01
5.587124670561088857e-01 6.071315130725258857e-01 3.073233277853333889e-01
5.497043744902847529e-01 6.018693480825820785e-01 2.954521121455149224e-01
5.405866053300329988e-01 5.966550047008636337e-01 2.836665171173004540e-01
5.313433303893358994e-01 5.914926847970163326e-01 2.719478758903353111e-01
5.219778197378066587e-01 5.863777909032568125e-01 2.603183467523856320e-01
5.124712857556791290e-01 5.813150850653855395e-01 2.487582352594575608e-01
5.028279736898828567e-01 5.762992959740835808e-01 2.372914459979665880e-01
4.930331020151372257e-01 5.713328399518401435e-01 2.259090899289344923e-01
4.830779213394101324e-01 5.664152483045057362e-01 2.146149281514581064e-01
4.729580182954055689e-01 5.615441282460776895e-01 2.034199551056238287e-01
4.626626143490149556e-01 5.567192073365481164e-01 1.923272363780754723e-01
4.521795976283842777e-01 5.519402387395255793e-01 1.813407218718071090e-01
4.414950493890938965e-01 5.472070815263450072e-01 1.704654664406770326e-01
4.306011274215879592e-01 5.425170261440924735e-01 1.597163127983884379e-01
4.194849576687456061e-01 5.378685971963966805e-01 1.491059283969363158e-01
4.081331454026975170e-01 5.332598966063877288e-01 1.386512896279909202e-01
3.965253384322668384e-01 5.286904514781748388e-01 1.283703764195936181e-01
3.846513301761425585e-01 5.241559625147839130e-01 1.182973795946760942e-01
3.724970799134381672e-01 5.196526310687936689e-01 1.084729132607313296e-01
3.600438485053160109e-01 5.151771530259784404e-01 9.894823206918368363e-02
3.472684562456225810e-01 5.107263647180384503e-01 8.979146957175138111e-02
3.341631512380445201e-01 5.062921635713591995e-01 8.109928316780160018e-02
3.207049684348354801e-01 5.018693623269412374e-01 7.299069715797776303e-02
3.068783139735725696e-01 4.974498589876416577e-01 6.562027697411043636e-02
2.926755790446851080e-01 4.930228814742789178e-01 5.917540667564039764e-02
2.780879214129153287e-01 4.885772165387498034e-01 5.386825315861706182e-02
2.631147792785240580e-01 4.840993751856969562e-01 4.991451352666909785e-02
2.477662073195759374e-01 4.795736860415707459e-01 4.749452152426317936e-02
2.320639815512685056e-01 4.749827903773342075e-01 4.670706161770737247e-02
2.160383551813021552e-01 4.703088841124984376e-01 4.753846287162629553e-02
1.997509851566635630e-01 4.655312882851136425e-01 4.983781194418720334e-02
1.832636955551558144e-01 4.606322455573131358e-01 5.337151099822615846e-02
1.666654442410514803e-01 4.555941311024456764e-01 5.784432597609178578e-02
1.500470459363349718e-01 4.504035597843930039e-01 6.296623296408007664e-02
1.335110305529604857e-01 4.450506593462603688e-01 6.846821442922818024e-02
1.171581499874148613e-01 4.395305697748165263e-01 7.412746286303598109e-02
1.010889897518520153e-01 4.338429817101587815e-01 7.976599542828757827e-02
8.540166476708330179e-02 4.279918171251593795e-01 8.525114208896070189e-02
7.019902797176466591e-02 4.219842465380629903e-01 9.048754082367843621e-02
5.560310844560387850e-02 4.158297494238177849e-01 9.540653503444443406e-02
4.177414646256937675e-02 4.095392495337613070e-01 9.996940920639266204e-02
2.973126403658257755e-02 4.031244037557460413e-01 1.041464026979126434e-01
2.094272319603300223e-02 3.965968328745947402e-01 1.079281117303855786e-01
1.503455850802236024e-02 3.899679021405790258e-01 1.113101285117835682e-01
1.162028879726398345e-02 3.832486874008168010e-01 1.142911373651175067e-01
1.034800627081423549e-02 3.764491669605801727e-01 1.168800221981700638e-01
1.089430265277758700e-02 3.695787897603471928e-01 1.190845334161234337e-01
1.296572834925393061e-02 3.626462634237924698e-01 1.209140152432554016e-01
1.629759113903825329e-02 3.556595688173686542e-01 1.223786763665533628e-01
2.065220399064965004e-02 3.486259964462309346e-01 1.234890787278474511e-01
2.581686428820955184e-02 3.415521946636083106e-01 1.242557892892883209e-01
3.160175776000946624e-02 3.344442225723563422e-01 1.246891520856091284e-01
3.783791216799983759e-02 3.273076027733667903e-01 1.247991478995796599e-01
4.420537193625969502e-02 3.201473708169808030e-01 1.245953167968078812e-01
5.019643455026605999e-02 3.129681194367080477e-01 1.240867248807165368e-01
5.578498456421030621e-02 3.057740364951374579e-01 1.232819613039045081e-01
6.096534780210948606e-02 2.985689361473963799e-01 1.221891550877348687e-01
6.573594523817519186e-02 2.913566960445873599e-01 1.208148140278867133e-01
7.010750804237039779e-02 2.841401026916173800e-01 1.191674437878486870e-01
7.408939888093929449e-02 2.769219762565806042e-01 1.172539885103976720e-01
7.769026804845999279e-02 2.697050916359950423e-01 1.150804683613607660e-01
8.092081419129942832e-02 2.624917931641170266e-01 1.126530527850075347e-01
8.379538313989762233e-02 2.552836593048520841e-01 1.099785671325361480e-01
8.632188046948746640e-02 2.480828511922028023e-01 1.070618239790019355e-01
8.851413481362954694e-02 2.408903841934340040e-01 1.039090187794020070e-01
9.038297632189720709e-02 2.337073543103790341e-01 1.005253573598181016e-01
9.193858537612867310e-02 2.265346229948705936e-01 9.691575707343130786e-02
9.319353435434907240e-02 2.193722797529291668e-01 9.308545690589847821e-02
9.415741051186576893e-02 2.122205296558242194e-01 8.903888329365608478e-02
9.484141228444079030e-02 2.050788968773105125e-01 8.478056490749422136e-02
9.525776983534467446e-02 1.979462624751298083e-01 8.031483312430839905e-02
9.541282520281249568e-02 1.908222171974558456e-01 7.564503595693228277e-02
9.532105436097729201e-02 1.837042776106437847e-01 7.077501702301300379e-02
9.499168295810886398e-02 1.765904933256739195e-01 6.570749869855399550e-02
9.443051303668656415e-02 1.694791778791800985e-01 6.044468334597302012e-02
9.365008251726503197e-02 1.623666446906880112e-01 5.498806015039221090e-02
9.265832800413095760e-02 1.552496270038271897e-01 4.933780556460898997e-02
9.146237299160986378e-02 1.481244592609820832e-01 4.349252067626673685e-02
9.006834761824525359e-02 1.409870950054539496e-01 3.746419116237912489e-02
