8.929865526539035314e-02 1.374124758360965037e-01 3.452093582185022935e-02
9.054616961453901269e-02 1.410393028500060153e-01 3.754366042364789408e-02
9.176465795275895454e-02 1.446583894056036601e-01 4.067536820579637641e-02
9.294485786910622327e-02 1.482726077975557721e-01 4.378867341534548735e-02
9.408727965231281076e-02 1.518823122657408375e-01 4.687085203934914651e-02
9.519997802923310659e-02 1.554860189526214853e-01 4.992143541386046685e-02
9.626650537297321009e-02 1.590881333486644233e-01 5.294338111028736721e-02
9.730178942556655386e-02 1.626854779503920934e-01 5.593501019153542669e-02
9.830161569044112979e-02 1.662794630476447655e-01 5.889727997512705232e-02
9.925829626385154758e-02 1.698722307052226710e-01 6.183110656448111836e-02
1.001831399009001367e-01 1.734615023797251021e-01 6.473555727921995184e-02
1.010679205696543015e-01 1.770494894218591908e-01 6.761137883570206286e-02
1.019116371938005305e-01 1.806366948561222707e-01 7.045850365613379185e-02
1.027217783184619926e-01 1.842217269463781726e-01 7.327650161755405733e-02
1.034894847935492745e-01 1.878068087134125430e-01 7.606560539569962032e-02
1.042155219134238420e-01 1.913919908302736395e-01 7.882550560143469776e-02
1.049060326133341436e-01 1.949761728345713041e-01 8.155593711408959390e-02
1.055542324989647562e-01 1.985610204363368880e-01 8.425669058568430181e-02
1.061574062966295640e-01 2.021472757577523205e-01 8.692733304311642262e-02
1.067229941297711815e-01 2.057335539207766906e-01 8.956770072762698653e-02
1.072491419971793591e-01 2.093204197995522930e-01 9.217747972518194888e-02
1.077241135035936215e-01 2.129103985790625764e-01 9.475564215803691792e-02
1.081594440861399220e-01 2.165012695627810957e-01 9.730233795195214475e-02
1.085543557983680296e-01 2.200933299926526310e-01 9.981717580760438024e-02
1.089028089022362478e-01 2.236878834551612183e-01 1.022992210695120863e-01
1.092028656550421972e-01 2.272853827890412570e-01 1.047477041246557272e-01
1.094606493910646461e-01 2.308847272085227664e-01 1.071626897454376615e-01
1.096754776754878258e-01 2.344861405034170398e-01 1.095436285173946034e-01
1.098425921765620317e-01 2.380905881508402211e-01 1.118893790829766921e-01
1.099593079827552722e-01 2.416986073493137543e-01 1.141988954665356659e-01
1.100317066491484641e-01 2.453091237192024376e-01 1.164723542826110736e-01
1.100593152034063660e-01 2.489222817229876927e-01 1.187090741160195528e-01
1.100417305441751259e-01 2.525382050018299407e-01 1.209083401110974676e-01
1.099723502458290758e-01 2.561580855988496719e-01 1.230682721865994367e-01
1.098551371462942738e-01 2.597812425210325737e-01 1.251887219174773747e-01
1.096925310596718606e-01 2.634072858267806905e-01 1.272693430665692571e-01
1.094845346604510772e-01 2.670362519067914775e-01 1.293093266459432178e-01
1.092312804872642706e-01 2.706681541060923513e-01 1.313078414241133918e-01
1.089330460180308324e-01 2.743029822733127343e-01 1.332640366421606049e-01
1.085841527798796224e-01 2.779416797435011466e-01 1.351756227134171262e-01
1.081915075472595911e-01 2.815831557656520157e-01 1.370430796303889476e-01
1.077562425289027292e-01 2.852272793374799886e-01 1.388656002077654772e-01
1.072793909114467814e-01 2.888739457872856464e-01 1.406422989254045020e-01
1.067622216174730909e-01 2.925230257035776327e-01 1.423722856018539429e-01
1.062062615187729930e-01 2.961743647932211787e-01 1.440546688814582088e-01
1.056133189261757310e-01 2.998277838144240426e-01 1.456885598360813938e-01
1.049855083213613316e-01 3.034830785904531480e-01 1.472730756703836963e-01
1.043240670979951046e-01 3.071401918037501289e-01 1.488069812756658838e-01
1.036313043641266529e-01 3.107989315456403112e-01 1.502892332474451975e-01
1.029125387638619438e-01 3.144587162911672285e-01 1.517196187924747530e-01
1.021713652382643944e-01 3.181192487248225564e-01 1.530973237874639625e-01
1.014118206814482726e-01 3.217802081608975850e-01 1.544215587622390362e-01
1.006384124715110073e-01 3.254412511004383668e-01 1.556915629195385897e-01
9.985614622709237942e-02 3.291020118923819737e-01 1.569066081561159842e-01
9.907055204491072020e-02 3.327621034997998994e-01 1.580660030666217186e-01
9.828770829989488811e-02 3.364211183713958220e-01 1.591690969112992404e-01
9.751426189830439406e-02 3.400786294176003643e-01 1.602152835282455168e-01
9.675744367103455978e-02 3.437341910898087383e-01 1.612040051708169552e-01
9.602507738862722797e-02 3.473873405604962494e-01 1.621347562507519657e-01
9.532558068539981333e-02 3.510375990011407321e-01 1.630070869676743250e-01
9.466795601680796923e-02 3.546844729540996055e-01 1.638206068059036014e-01
9.406176966703705400e-02 3.583274557937827787e-01 1.645749878798533072e-01
9.351711680315000219e-02 3.619660292717136740e-01 1.652699681098228901e-01
9.304457067267327131e-02 3.655996651393013108e-01 1.659053542106270207e-01
9.265511429890524453e-02 3.692278268414307951e-01 1.664810244762839064e-01
9.236005347543091437e-02 3.728499712732676885e-01 1.669969313449038151e-01
9.217091052111950344e-02 3.764655505920118661e-01 1.674531037289830881e-01
9.209929913625225506e-02 3.800740140747002060e-01 1.678496490975021627e-01
9.215678178038802515e-02 3.836748100125724759e-01 1.681867552975799540e-01
9.235471222370089661e-02 3.872673876319834285e-01 1.684646921049314794e-01
9.270406722080923312e-02 3.908511990313678353e-01 1.686838124940095440e-01
9.321449249668861681e-02 3.944257933116129267e-01 1.688439682310556855e-01
9.389659330568511653e-02 3.979905299310143030e-01 1.689462783579113725e-01
9.475920273038998531e-02 4.015448788574266237e-01 1.689913716909178243e-01
9.581009146696900514e-02 4.050883227937756015e-01 1.689799511038287405e-01
9.705585416146536581e-02 4.086203571645629085e-01 1.689128043484194042e-01
9.850180772730376955e-02 4.121404918974875820e-01 1.687908034665918378e-01
1.001519220560202483e-01 4.156482531381426315e-01 1.686149039173039654e-01
1.020087858411385662e-01 4.191431848867523402e-01 1.683861434275960856e-01
1.040736081661955970e-01 4.226248505463619520e-01 1.681056405795123554e-01
1.063462544344982164e-01 4.260928343724793566e-01 1.677745931471883445e-01
1.088253133511598580e-01 4.295467428148565525e-01 1.673942762008179264e-01
1.115081367556672864e-01 4.329862167928870686e-01 1.669658834762971222e-01
1.143911272648421851e-01 4.364109000478875733e-01 1.664909540221868323e-01
1.174697145532222486e-01 4.398204632200545805e-01 1.659711305725879438e-01
1.207384622405779651e-01 4.432146146185493851e-01 1.654079777352852332e-01
1.241912681555623066e-01 4.465930896233362701e-01 1.648031241406285319e-01
1.278215006815432153e-01 4.499556512056018254e-01 1.641582595890548057e-01
1.316221283460484726e-01 4.533020903042007110e-01 1.634751321458720041e-01
1.355858396664431365e-01 4.566322260582877379e-01 1.627555452123447266e-01
1.397051512617732694e-01 4.599459058976253512e-01 1.620013546020308004e-01
1.439725031375034825e-01 4.632430054933481256e-01 1.612144656508996132e-01
1.483802634243633067e-01 4.665234268240138760e-01 1.603971076978217836e-01
1.529209601429884768e-01 4.697871062722966395e-01 1.595511404546879619e-01
1.575872464071535473e-01 4.730340047257652336e-01 1.586785575699674877e-01
1.623719464328968465e-01 4.762641091709394758e-01 1.577814293336691764e-01
1.672681000216972025e-01 4.794774324876269200e-01 1.568618617439712648e-01
1.722689891713781729e-01 4.826740126740388104e-01 1.559219944130910973e-01
1.773681570340152891e-01 4.858539119853420574e-01 1.549639986667677716e-01
1.825594203961372619e-01 4.890172159957777986e-01 1.539900758474842535e-01
1.878368767664343464e-01 4.921640325947571060e-01 1.530024558278821334e-01
1.931949070471487562e-01 4.952944909274962781e-01 1.520033957369919531e-01
1.986281563903607439e-01 4.984087417544738607e-01 1.509952093869501855e-01
2.041311789278091315e-01 5.015069868879408199e-01 1.499808287098202964e-01
2.096995508496171112e-01 5.045893860090164829e-01 1.489619629141934742e-01
2.153287596551590743e-01 5.076561417123379716e-01 1.479409607078260580e-01
2.210145499373663558e-01 5.107074719200749291e-01 1.469201947525392293e-01
2.267529136167565351e-01 5.137436087181268540e-01 1.459020615751118466e-01
2.325400796327239950e-01 5.167647972060468442e-01 1.448889815899071787e-01
2.383725033249697867e-01 5.197712943680518061e-01 1.438833992020865093e-01
2.442468556888340858e-01 5.227633679717645920e-01 1.428877829565232960e-01
2.501600126474820551e-01 5.257412955006299793e-01 1.419046256940564577e-01
2.561090444505584873e-01 5.287053631251997787e-01 1.409364446735331677e-01
2.620912052817342963e-01 5.316558647177603847e-01 1.399857816152785817e-01
2.681039231358013364e-01 5.345931009140550971e-01 1.390552026192354573e-01
2.741447900085004497e-01 5.375173782251473353e-01 1.381472979091964981e-01
2.802115524285230252e-01 5.404290082018115005e-01 1.372646813532783783e-01
2.863021023503028450e-01 5.433283066532006433e-01 1.364099897102939163e-01
2.924144684178326403e-01 5.462155929209426830e-01 1.355858815519809246e-01
2.985468076032986029e-01 5.490911892092783519e-01 1.347950358122557701e-01
3.046973972194131353e-01 5.519554199713454512e-01 1.340401499169661392e-01
3.108646273006576699e-01 5.548086113512734618e-01 1.333239374510152286e-01
3.170469933459126310e-01 5.576510906813488821e-01 1.326491253243995971e-01
3.232429768318288432e-01 5.604832053283003157e-01 1.320185807697609182e-01
3.294513663935134673e-01 5.633052670355171987e-01 1.314349247286162869e-01
3.356709722557375541e-01 5.661175974445937786e-01 1.309008577333238554e-01
3.419006453197376838e-01 5.689205244739548029e-01 1.304191225912256225e-01
3.481393103070932749e-01 5.717143755853442144e-01 1.299924533189553422e-01
3.543859604736494529e-01 5.744994775802081399e-01 1.296235688732109426e-01
3.606396526036476091e-01 5.772761564376794885e-01 1.293151663492961567e-01
3.668995022707449705e-01 5.800447371919895678e-01 1.290699136931968971e-01
3.731646793528075601e-01 5.828055438471221317e-01 1.288904419875111229e-01
3.794344037876551390e-01 5.855588993265463671e-01 1.287793373860444124e-01
3.857079415571801340e-01 5.883051254559075183e-01 1.287391327858617707e-01
3.919846008876660126e-01 5.910445429766029157e-01 1.287722993385028436e-01
3.982637286544231103e-01 5.937774715882663257e-01 1.288812379135016173e-01
4.045446529077783571e-01 5.965042419402024620e-01 1.290683222301194089e-01
4.108267962371378590e-01 5.992251705873262724e-01 1.293357763354805456e-01
4.171096492379310905e-01 6.019405643048183485e-01 1.296856941290454313e-01
4.233926840803119429e-01 6.046507388549398065e-01 1.301201106922175166e-01
4.296753961845464764e-01 6.073560095211416598e-01 1.306409522317043270e-01
4.359573015899816939e-01 6.100566912976748135e-01 1.312500299945453253e-01
4.422379344567949899e-01 6.127530990974681124e-01 1.319490350132340173e-01
4.485168446914519769e-01 6.154455479771424598e-01 1.327395337795829744e-01
4.547935956871251295e-01 6.181343533781819000e-01 1.336229649292617339e-01
4.610677621706001372e-01 6.208198313833944715e-01 1.346006369996724239e-01
4.673389281475124890e-01 6.235022989879432931e-01 1.356737273026814572e-01
4.736066849380750621e-01 6.261820743843148351e-01 1.368432819313995519e-01
4.798706292957116148e-01 6.288594772607505323e-01 1.381102168973837863e-01
4.861303616014179263e-01 6.315348291127199643e-01 1.394753203722322310e-01
4.923854841268641702e-01 6.342084535671655976e-01 1.409392559861400440e-01
4.986355993596874314e-01 6.368806767192983775e-01 1.425025671163997476e-01
5.048803083846610251e-01 6.395518274818222659e-01 1.441656820815089002e-01
5.111192093148611004e-01 6.422222379465178932e-01 1.459289201420715665e-01
5.173518957672049723e-01 6.448922437581897649e-01 1.477924981982164654e-01
5.235779553772381689e-01 6.475621845009819078e-01 1.497565380651137146e-01
5.297969683483180203e-01 6.502324040971350083e-01 1.518210742032336247e-01
5.360085060308666938e-01 6.529032512182187942e-01 1.539860617782637664e-01
5.422121295277861908e-01 6.555750797088817361e-01 1.562513849267649912e-01
5.484073883226001644e-01 6.582482490231135186e-01 1.586168651074264524e-01
5.545938189274797203e-01 6.609231246729434517e-01 1.610822694238066288e-01
5.607709435488178462e-01 6.636000786894263870e-01 1.636473188122177513e-01
5.669382687687329891e-01 6.662794900956222621e-01 1.663116959976010112e-01
5.730952842414959170e-01 6.689617453911409495e-01 1.690750531302617488e-01
5.792414614046866861e-01 6.716472390476284637e-01 1.719370190269569054e-01
5.853762522056995543e-01 6.743363740143355489e-01 1.748972059504981247e-01
5.914990878450880896e-01 6.770295622326596430e-01 1.779552158725751787e-01
5.976093775392820051e-01 6.797272251582104907e-01 1.811106461745836671e-01
6.037065073062188869e-01 6.824297942886179413e-01 1.843630947506582907e-01
6.097898387786100383e-01 6.851377116948700330e-01 1.877121644857644989e-01
6.158587080508364231e-01 6.878514305535121665e-01 1.911574670894518879e-01
6.219124245667316808e-01 6.905714156765337952e-01 1.946986262727070094e-01
6.279502700570025464e-01 6.932981440351885238e-01 1.983352802612904364e-01
6.339714975364978411e-01 6.960321052733802194e-01 2.020670836439943940e-01
6.399753303731011700e-01 6.987738022055813847e-01 2.058937085585620386e-01
6.459609614416818024e-01 7.015237512935261766e-01 2.098148452215963800e-01
6.519275523781595805e-01 7.042824830951834869e-01 2.138302018118264924e-01
6.578742329504706499e-01 7.070505426786951597e-01 2.179395037187097373e-01
6.638001005648404007e-01 7.098284899932022496e-01 2.221424921706514621e-01
6.697042199274019225e-01 7.126169001876311304e-01 2.264389222592609885e-01
6.755856228827111787e-01 7.154163638677397685e-01 2.308285603782045392e-01
6.814433084520775674e-01 7.182274872809378818e-01 2.353111810974429785e-01
6.872762430957680690e-01 7.210508924177040369e-01 2.398865634960846704e-01
6.930833612240645536e-01 7.238872170178007881e-01 2.445544869798953469e-01
6.988635659826638591e-01 7.267371144689759310e-01 2.493147266126858330e-01
7.046157303380096160e-01 7.296012535855390668e-01 2.541670479945004057e-01
7.103386984878284904e-01 7.324803182540052804e-01 2.591112017237409137e-01
7.160312876210640498e-01 7.353750069331469463e-01 2.641469174851037716e-01
7.216922900498372595e-01 7.382860319961361828e-01 2.692738978105138625e-01
7.273204757336203530e-01 7.412141189031686839e-01 2.744918115659752411e-01
7.329145952126294716e-01 7.441600051940252536e-01 2.798002872234400806e-01
7.384733829633436386e-01 7.471244392914595522e-01 2.851989059832142903e-01
7.439955611841201355e-01 7.501081791081818384e-01 2.906871948189649335e-01
7.494798440129504247e-01 7.531119904525322983e-01 2.962646195238805014e-01
7.549249421726695886e-01 7.561366452306513830e-01 3.019305778426546460e-01
7.603295680313058025e-01 7.591829194461817698e-01 3.076843927795704370e-01
7.656924410569151407e-01 7.622515910020941643e-01 3.135253061776561156e-01
7.710122936373161595e-01 7.653434373131882129e-01 3.194524726674345394e-01
7.762878772257783000e-01 7.684592327420420865e-01 3.254649540858617907e-01
7.815179687641272688e-01 7.715997458756397309e-01 3.315617144663368654e-01
7.867013773252704567e-01 7.747657366644020716e-01 3.377416156989349605e-01
7.918369509080029900e-01 7.779579534498518578e-01 3.440034139559614568e-01
7.969236238329315825e-01 7.811771089004317936e-01 3.503458592478751465e-01
8.019604061081584412e-01 7.844238837560950639e-01 3.567676863699659751e-01
8.069461662770005539e-01 7.876990434314785627e-01 3.632669896953321653e-01
8.118799775469377478e-01 7.910032590900216709e-01 3.698420765887746597e-01
8.167609862027820355e-01 7.943371746026168800e-01 3.764911458802937538e-01
8.215884174542213980e-01 7.977014036746522541e-01 3.832122906158181297e-01
8.263615807828501580e-01 8.010965271467773707e-01 3.900035019105729250e-01
8.310798747008570908e-01 8.045230905121136811e-01 3.968626738751931393e-01
8.357427908413140871e-01 8.079816016901584241e-01 4.037876095631682816e-01
8.403499173102104702e-01 8.114725290939549529e-01 4.107760278671291343e-01
8.449009412425235732e-01 8.149963000225121101e-01 4.178255712714440961e-01
8.493956505184543371e-01 8.185532994048989597e-01 4.249338143503229581e-01
8.538339397063596792e-01 8.221438643317192652e-01 4.320983190903127102e-01
8.582157948481712317e-01 8.257682960748372603e-01 4.393165265820595522e-01
8.625413016856853243e-01 8.294268547995795604e-01 4.465857971310490115e-01
8.668106539827424850e-01 8.331197491714584791e-01 4.539035395082521851e-01
8.710241409811722013e-01 8.368471451143624229e-01 4.612671457661713936e-01
8.751821438810569731e-01 8.406091669087856211e-01 4.686740011134835071e-01
8.792851316224001845e-01 8.444058986337423800e-01 4.761214934606168847e-01
8.833336560409245086e-01 8.482373859260319282e-01 4.836070224944835627e-01
8.873283464780780116e-01 8.521036380266133747e-01 4.911280081503772155e-01
8.912699039303482174e-01 8.560046300809566189e-01 4.986818983603860667e-01
8.951590948257786007e-01 8.599403056583903027e-01 5.062661759697804076e-01
8.989967403866242490e-01 8.639105779803269991e-01 5.138784170676993224e-01
9.027837101319765578e-01 8.679153352602618776e-01 5.215162513380998677e-01
9.065209222915378007e-01 8.719544450218328357e-01 5.291772954886109215e-01
9.102093300617963845e-01 8.760277542961195651e-01 5.368592499768206627e-01
9.138499165419512460e-01 8.801350937475515002e-01 5.445598712199096747e-01
9.174436878915170901e-01 8.842762808309726497e-01 5.522769719783475750e-01
9.209916666276537489e-01 8.884511229578714309e-01 5.600084204489564899e-01
9.244948851110569299e-01 8.926594206556718314e-01 5.677521379895198450e-01
9.279543792648282663e-01 8.969009707081511129e-01 5.755060953760051667e-01
9.313711825683639312e-01 9.011755692691515440e-01 5.832683074626741071e-01
9.347462369220402856e-01 9.054830242459033229e-01 5.910371992760488080e-01
9.380803465715323863e-01 9.098231695344731751e-01 5.988116593687977662e-01
9.413746379235463646e-01 9.141958101004103998e-01 6.065890595308793820e-01
9.446300436818176882e-01 9.186007796923862934e-01 6.143675694518647701e-01
9.478474634189112402e-01 9.230379284036142051e-01 6.221453518214097311e-01
9.510277594309305416e-01 9.275071259548023361e-01 6.299205418532738410e-01
9.541717533513792704e-01 9.320082650230536725e-01 6.376912218735287796e-01
9.572802237872418685e-01 9.365412646193300716e-01 6.454553896645046640e-01
9.603527565152839562e-01 9.411062952437103668e-01 6.532143355496138337e-01
9.633901591610422033e-01 9.457033385679830539e-01 6.609649956793794967e-01
9.663934261609893328e-01 9.503323605028218823e-01 6.687035581594261702e-01
9.693630336681410276e-01 9.549934599525863321e-01 6.764273539537745128e-01
9.722994152033864745e-01 9.596867864407537807e-01 6.841333035148028374e-01
9.751996150665621643e-01 9.644132932502157418e-01 6.918258830114347724e-01
9.780645921780547480e-01 9.691731699806928058e-01 6.994984671173447577e-01
9.808958436492934974e-01 9.739665382026069240e-01 7.071426295801378492e-01
9.836907761300553998e-01 9.787945597677877307e-01 7.147579538992423487e-01
9.864437842725927164e-01 9.836593059770336600e-01 7.223475710720628218e-01
9.891612403636574902e-01 9.885601487884559946e-01 7.298873760405760747e-01
9.918280569662493162e-01 9.935020069657368724e-01 7.373921092052808657e-01
9.944542545303060033e-01 9.984839328673676961e-01 7.448231361904017467e-01
