8.929865526539035314e-02 1.374124758360965037e-01 3.452093582185022935e-02
9.039346031205239274e-02 1.410758479535987042e-01 3.757232730427231132e-02
9.145208627654516365e-02 1.447323124928389937e-01 4.073045937880450523e-02
9.247218031708723252e-02 1.483830122794093098e-01 4.386432423515766038e-02
9.344221564860569207e-02 1.520312437729762489e-01 4.696396615649752609e-02
9.437469682536395177e-02 1.556743895003319667e-01 5.002794561738544560e-02
9.526776302434444843e-02 1.593133458648396394e-01 5.305718304490050080e-02
9.610901860478329728e-02 1.629514097219214308e-01 5.605342881067800626e-02
9.691076419875449544e-02 1.665860323179508273e-01 5.901538389825062431e-02
9.767216266728159790e-02 1.702177673980550532e-01 6.194337873128549082e-02
9.838143607737701024e-02 1.738495856863778166e-01 6.483826253826335817e-02
9.904643360285372844e-02 1.774799644758640604e-01 6.769927778797640849e-02
9.966853119506549619e-02 1.811088647402554208e-01 7.052627514265083497e-02
1.002433467421769142e-01 1.847374850828624737e-01 7.331924368466774533e-02
1.007645212136394353e-01 1.883673785987985683e-01 7.607791573500652382e-02
1.012399458159232712e-01 1.919970227075198377e-01 7.880180792191690542e-02
1.016685208494241266e-01 1.956268295148893555e-01 8.149063731405425948e-02
1.020456026756052237e-01 1.992579093782245181e-01 8.414392891810856812e-02
1.023664156344211984e-01 2.028913357403731021e-01 8.676096400397320663e-02
1.026373257070742895e-01 2.065259027574662953e-01 8.934144762343082524e-02
1.028571916648547135e-01 2.101619355022441571e-01 9.188485791624673160e-02
1.030248722670628059e-01 2.137997363618501234e-01 9.439061455217082064e-02
1.031324251812035797e-01 2.174408826026520969e-01 9.685744846543561937e-02
1.031835695861988145e-01 2.210846644708300279e-01 9.928494937768317374e-02
1.031796048636900442e-01 2.247308528799238370e-01 1.016725919866603711e-01
1.031194827119335522e-01 2.283796539264961178e-01 1.040196070049584365e-01
1.030021955883588802e-01 2.320312481763431300e-01 1.063251780088237397e-01
1.028267403122544166e-01 2.356857982886333969e-01 1.085884370274607102e-01
1.025856051881971487e-01 2.393445845456304011e-01 1.108074547356988071e-01
1.022851026000207164e-01 2.430064288806227379e-01 1.129822692903212078e-01
1.019245141331243387e-01 2.466714048260335024e-01 1.151119198662063914e-01
1.015032240189418788e-01 2.503395573543011898e-01 1.171954111689905709e-01
1.010207355418132613e-01 2.540109022460417809e-01 1.192317165081155095e-01
1.004766890697925963e-01 2.576854254898945928e-01 1.212197810572118728e-01
9.987088188386400445e-02 2.613630827241029686e-01 1.231585253070331676e-01
9.920328999828165184e-02 2.650437987299565368e-01 1.250468487131791151e-01
9.847409218417774168e-02 2.687274669871846933e-01 1.268836335379815716e-01
9.768249222486491412e-02 2.724141290461315479e-01 1.286674667635438751e-01
9.682931361740645948e-02 2.761035816721703617e-01 1.303972174152364938e-01
9.591702255309494940e-02 2.797953969310227329e-01 1.320720942632014339e-01
9.494689322176755319e-02 2.834893453214420433e-01 1.336909622617488691e-01
9.392056205835852545e-02 2.871851653290312112e-01 1.352526898106171938e-01
9.284007037852803901e-02 2.908825635178515778e-01 1.367561535567679842e-01
9.170791112989318261e-02 2.945812147423507166e-01 1.382002433213179171e-01
9.052708000578194025e-02 2.982807624863080265e-01 1.395838671325272951e-01
8.930113110668488896e-02 3.019808193346482650e-01 1.409059563439506169e-01
8.803423723405096046e-02 3.056809675830489681e-01 1.421654708152163549e-01
8.673125474858664474e-02 3.093807599892819393e-01 1.433614041314719978e-01
8.539779270449027182e-02 3.130797206691772194e-01 1.444927888362931290e-01
8.404028566281887547e-02 3.167773461390067657e-01 1.455587016518522792e-01
8.266475013698515450e-02 3.204732577121597314e-01 1.465578223727115881e-01
8.127979560481807253e-02 3.241668578463389183e-01 1.474893986784542588e-01
7.989567201412545172e-02 3.278574641374235044e-01 1.483529550170246125e-01
7.852291544690970237e-02 3.315444709134784396e-01 1.491478042402609172e-01
7.717325159409471613e-02 3.352272525848655760e-01 1.498733295430619006e-01
7.585964421679658454e-02 3.389051655742792435e-01 1.505289889638198597e-01
7.459632290119885822e-02 3.425775503698281210e-01 1.511143196719870740e-01
7.339878210713055018e-02 3.462437336929988785e-01 1.516289420174762315e-01
7.228374241349530549e-02 3.499030307721612831e-01 1.520725633178588165e-01
7.126906421010084647e-02 3.535547477111772308e-01 1.524449813608439730e-01
7.037206365052098289e-02 3.571983331306193832e-01 1.527453647121909397e-01
6.961260674888483657e-02 3.608330576149169633e-01 1.529737060637786361e-01
6.901249832844741361e-02 3.644580563194733669e-01 1.531308301814718054e-01
6.859208719212755989e-02 3.680726229534200811e-01 1.532169422638592349e-01
6.837144942849732177e-02 3.716760554534936367e-01 1.532323507823836195e-01
6.836991343460330217e-02 3.752676586463670749e-01 1.531774687887835218e-01
6.860543432088950233e-02 3.788467585015702355e-01 1.530527348352427597e-01
6.909273097254947649e-02 3.824128406616347786e-01 1.528575844190612487e-01
6.984804291602472737e-02 3.859650375376540432e-01 1.525941257981363319e-01
7.088276572768850703e-02 3.895027095532214156e-01 1.522632121375561420e-01
7.220531824454190506e-02 3.930252373020122203e-01 1.518658014302833592e-01
7.382095927613915864e-02 3.965320238710622336e-01 1.514029554472942352e-01
7.573130597981198031e-02 4.000225508108277150e-01 1.508752565985002625e-01
7.793571440476809720e-02 4.034962307479273980e-01 1.502843003106899833e-01
8.043053696878962877e-02 4.069525080679788354e-01 1.496318854974361401e-01
8.320917346258829839e-02 4.103909004854308651e-01 1.489194834650276189e-01
8.626282540069962756e-02 4.138109580298701684e-01 1.481486583972054516e-01
8.958087019002333729e-02 4.172122762371657800e-01 1.473208454555937907e-01
9.315146610252406090e-02 4.205944593671104292e-01 1.464379925089777101e-01
9.696174934935680723e-02 4.239571526086007847e-01 1.455021565582854948e-01
1.009982158019558651e-01 4.273000516085503908e-01 1.445152498671946339e-01
1.052471115204359209e-01 4.306228892390212559e-01 1.434792620074279990e-01
1.096946694402851363e-01 4.339254327489468488e-01 1.423964218780367497e-01
1.143273254388820770e-01 4.372074921072613973e-01 1.412689716381552996e-01
1.191319359996203531e-01 4.404689185234724746e-01 1.400990625524134447e-01
1.240958677168200186e-01 4.437095990202066242e-01 1.388889636012593798e-01
1.292070821659527524e-01 4.469294573104271584e-01 1.376410075205143912e-01
1.344539213651236298e-01 4.501284601596990398e-01 1.363581879367145866e-01
1.398256651748259749e-01 4.533066101350626265e-01 1.350427958143027851e-01
1.453123419054143939e-01 4.564639379331321689e-01 1.336970979054965813e-01
1.509045484435781737e-01 4.596005084800539042e-01 1.323236604225785096e-01
1.565935247047775813e-01 4.627164183259963592e-01 1.309251087060177843e-01
1.623707185573598499e-01 4.658118214986555761e-01 1.295048134460029532e-01
1.682284749426106174e-01 4.688868880343088352e-01 1.280655987609134183e-01
1.741601457965058219e-01 4.719417809455472290e-01 1.266096403421501926e-01
1.801592471375593474e-01 4.749767100372879747e-01 1.251397994113064849e-01
1.862197776548727979e-01 4.779919090668093840e-01 1.236590051883573183e-01
1.923361848498475746e-01 4.809876341606898476e-01 1.221702584733824204e-01
1.985022902197444150e-01 4.839642659840006078e-01 1.206781238815610446e-01
2.047141963206769444e-01 4.869220269586151395e-01 1.191844856962493981e-01
2.109676278599055266e-01 4.898612203602122350e-01 1.176924193575950850e-01
2.172585361564333128e-01 4.927821750460292249e-01 1.162052407424440104e-01
2.235831773156756741e-01 4.956852342000268030e-01 1.147263609965311071e-01
2.299380888133761847e-01 4.985707539013732315e-01 1.132592919590333091e-01
2.363193482738800144e-01 5.014391939222085925e-01 1.118086014601478162e-01
2.427241757871037575e-01 5.042909176364095414e-01 1.103777528885468984e-01
2.491503596914961260e-01 5.071262462816044092e-01 1.089698874256683214e-01
2.555953743655474120e-01 5.099455726576118675e-01 1.075889564378646468e-01
2.620568818551854973e-01 5.127492961569138918e-01 1.062390347527124856e-01
2.685327172573617194e-01 5.155378217680804953e-01 1.049243227575052673e-01
2.750208752080507413e-01 5.183115591578449921e-01 1.036491470896900025e-01
2.815194707323266377e-01 5.210709260815812316e-01 1.024179928795104222e-01
2.880257690325612741e-01 5.238165052721964754e-01 1.012366865645322744e-01
2.945392516812648798e-01 5.265485476808678955e-01 1.001085615953943297e-01
3.010584416313152323e-01 5.292674723890914423e-01 9.903840985686995779e-02
3.075819664310316393e-01 5.319736997961613811e-01 9.803112214961104409e-02
3.141085495920553083e-01 5.346676511830330547e-01 9.709167423023790100e-02
3.206370025454535200e-01 5.373497483470341951e-01 9.622510949858506524e-02
3.271662171363332594e-01 5.400204133049490984e-01 9.543651820480508752e-02
3.336951586121849056e-01 5.426800680618052430e-01 9.473101313990242578e-02
3.402228590645452466e-01 5.453291344425493792e-01 9.411370188382314761e-02
3.467482559059222869e-01 5.479680654400534978e-01 9.358982998609644000e-02
3.532701641322708586e-01 5.505973529776746478e-01 9.316475689036257668e-02
3.597883278633251525e-01 5.532173087516307763e-01 9.284275565771665795e-02
3.663019891706355002e-01 5.558283525051416207e-01 9.262857730948073631e-02
3.728104293643221268e-01 5.584309038987608220e-01 9.252679038126421229e-02
3.793129645389697324e-01 5.610253826572869640e-01 9.254174185459884683e-02
3.858089413787794131e-01 5.636122087578664397e-01 9.267751903560189630e-02
3.922977332032521747e-01 5.661918026565166961e-01 9.293791344198809590e-02
3.987787362363408583e-01 5.687645855503886683e-01 9.332638776590279628e-02
4.052513660835921350e-01 5.713309796731188550e-01 9.384604693278844612e-02
4.117150544032386894e-01 5.738914086207038689e-01 9.449961417429375565e-02
4.181692457584961220e-01 5.764462977053701476e-01 9.528941287920464354e-02
4.246133946396459247e-01 5.789960743349532590e-01 9.621735478793616569e-02
4.310469626456162606e-01 5.815411684153307670e-01 9.728493486487072017e-02
4.374694158159807555e-01 5.840820127734481781e-01 9.849323293328285378e-02
4.438800241477667274e-01 5.866190959330267463e-01 9.984305682195579457e-02
4.502784882316158144e-01 5.891527977370415448e-01 1.013345135003534958e-01
4.566642719325640365e-01 5.916835622918694693e-01 1.029675152145539674e-01
4.630368329166782426e-01 5.942118388563047970e-01 1.047416273683856036e-01
4.693956218932953672e-01 5.967380820036433109e-01 1.066560962325639461e-01
4.757400807272991750e-01 5.992627521134106239e-01 1.087098804762206272e-01
4.820696406670101353e-01 6.017863158650884614e-01 1.109016846300443504e-01
4.883837206874713233e-01 6.043092467305472004e-01 1.132299935156229065e-01
4.946817259500806974e-01 6.068320254616410558e-01 1.156931067410153224e-01
5.009630463806306055e-01 6.093551405691465250e-01 1.182891724581789650e-01
5.072270553690289008e-01 6.118790887889015151e-01 1.210162196940128554e-01
5.134731085950392515e-01 6.144043755306742849e-01 1.238721886940826744e-01
5.197005429856428327e-01 6.169315153049169664e-01 1.268549588481883150e-01
5.259086758106454873e-01 6.194610321221803995e-01 1.299623738927690453e-01
5.320968039243172409e-01 6.219934598595714403e-01 1.331922642013969871e-01
5.382642031619020440e-01 6.245293425882164629e-01 1.365424660776307919e-01
5.444101279007491634e-01 6.270692348553205120e-01 1.400108380522161466e-01
5.505338107968200667e-01 6.296137019139838031e-01 1.435952742583021802e-01
5.566344627079538032e-01 6.321633198936151832e-01 1.472937150143415197e-01
5.627112728160412747e-01 6.347186759034195713e-01 1.511041547858084366e-01
5.687634230154650083e-01 6.372803632015036079e-01 1.550246509978187581e-01
5.747900477318889090e-01 6.398489951027901412e-01 1.590533193569075299e-01
5.807902712450575544e-01 6.424251924567774275e-01 1.631883407326582269e-01
5.867631990685651111e-01 6.450095866620370044e-01 1.674279594915402680e-01
5.927079191173068029e-01 6.476028193629146390e-01 1.717704815416177255e-01
5.986235033152622620e-01 6.502055419735761621e-01 1.762142711004086315e-01
6.045090094873298847e-01 6.528184150786561224e-01 1.807577463620393954e-01
6.103634835421288818e-01 6.554421077040433197e-01 1.853993742587475846e-01
6.161859619500649199e-01 6.580772964523108337e-01 1.901376644997256060e-01
6.219754745179729705e-01 6.607246644984698936e-01 1.949711630582657285e-01
6.277310474582149524e-01 6.633849004431332519e-01 1.998984452664876454e-01
6.334517067459674022e-01 6.660586970218859149e-01 2.049181086658693474e-01
6.391364817542120047e-01 6.687467496715243653e-01 2.100287657514485207e-01
6.447844091509921105e-01 6.714497549559957923e-01 2.152290367379041669e-01
6.503945370384583979e-01 6.741684088572005296e-01 2.205175424666654393e-01
6.559659293078902165e-01 6.769034049383181317e-01 2.258928975645773662e-01
6.614976701794251790e-01 6.796554323899648420e-01 2.313537039562726383e-01
6.669888688898341078e-01 6.824251739721901577e-01 2.368985448240635838e-01
6.724386644864676077e-01 6.852133038680247035e-01 2.425259791006522114e-01
6.778462306806406490e-01 6.880204854669196290e-01 2.482345365710614815e-01
6.832107807093398266e-01 6.908473690989339611e-01 2.540227136507547390e-01
6.885315116296338855e-01 6.936946170052749050e-01 2.598888733135634732e-01
6.938077422598838417e-01 6.965628421809630932e-01 2.658314381549706784e-01
6.990388740304420701e-01 6.994526240105950476e-01 2.718488444619804323e-01
7.042243279110671494e-01 7.023645367488178248e-01 2.779394289171978061e-01
7.093635870685153222e-01 7.052991302309064015e-01 2.841014865862477312e-01
7.144562004903628472e-01 7.082569278724628603e-01 2.903332716229206079e-01
7.195017862078347815e-01 7.112384248104024476e-01 2.966329987724191652e-01
7.245000340710057163e-01 7.142440862105206012e-01 3.029988456372346151e-01
7.294507080364031060e-01 7.172743457646826304e-01 3.094289556574087441e-01
7.343536479344510148e-01 7.203296043979341423e-01 3.159214417450216250e-01
7.392087706927982227e-01 7.234102292024758851e-01 3.224743905019495926e-01
7.440160710006858968e-01 7.265165526117329797e-01 3.290858669406270254e-01
7.487756214091648710e-01 7.296488718236406879e-01 3.357539196199421649e-01
7.534875718717171100e-01 7.328074484779942832e-01 3.424765861027458391e-01
7.581521487394916603e-01 7.359925085883132212e-01 3.492518986378943535e-01
7.627696532346446290e-01 7.392042427243221692e-01 3.560778899683884613e-01
7.673404594338042450e-01 7.424428064369761326e-01 3.629525991680119246e-01
7.718650118014275252e-01 7.457083209140372704e-01 3.698740774118620678e-01
7.763438223193717125e-01 7.490008738507040187e-01 3.768403935911606162e-01
7.807774672643349456e-01 7.523205205167423637e-01 3.838496396895509921e-01
7.851665836888421790e-01 7.556672849990557772e-01 3.908999358464420593e-01
7.895118656640024435e-01 7.590411615967096459e-01 3.979894350426054772e-01
7.938140603434551412e-01 7.624421163441026383e-01 4.051163273537791709e-01
7.980739639077196745e-01 7.658700886372652450e-01 4.122788437291988184e-01
8.022924174467366276e-01 7.693249929381379415e-01 4.194752592633750332e-01
8.064703028357614878e-01 7.728067205320808819e-01 4.267038959407926657e-01
8.106085151533672928e-01 7.763151727641002253e-01 4.339627466708167458e-01
8.147079929518531438e-01 7.798502381115586246e-01 4.412496806802554405e-01
8.187697801008930742e-01 7.834116777342100546e-01 4.485639681044962246e-01
8.227948857259438364e-01 7.869993060580097177e-01 4.559041462318684235e-01
8.267843399878208599e-01 7.906129231972534033e-01 4.632688082319938450e-01
8.307391906970914564e-01 7.942523166331153517e-01 4.706566029049427669e-01
8.346605001837766880e-01 7.979172628142746637e-01 4.780662339877166933e-01
8.385493424380149330e-01 8.016075286690534929e-01 4.854964590611620667e-01
8.424068005317277841e-01 8.053228730208392694e-01 4.929460881035062081e-01
8.462339643261381772e-01 8.090630479008189546e-01 5.004139817386182854e-01
8.500319284652294582e-01 8.128277997541627498e-01 5.078990492279165103e-01
8.538017906510548816e-01 8.166168705376758430e-01 5.154002462547225827e-01
8.575446724555686462e-01 8.204300101549000246e-01 5.229162554081008274e-01
8.612618135398254493e-01 8.242670057188409283e-01 5.304444666104467521e-01
8.649541847100548075e-01 8.281275119238116211e-01 5.379860104169992274e-01
8.686228760645423597e-01 8.320112618405614002e-01 5.455400464985333819e-01
8.722689744707061710e-01 8.359179883375407183e-01 5.531057704509921846e-01
8.758935632983092523e-01 8.398474245655068726e-01 5.606824110522887761e-01
8.794977223465780813e-01 8.437993043510609859e-01 5.682692275970162576e-01
8.830825279453264898e-01 8.477733625052671362e-01 5.758655073410583469e-01
8.866490532102011546e-01 8.517693350536263974e-01 5.834705630849346125e-01
8.901986242634035706e-01 8.557869781463642855e-01 5.910819692152670113e-01
8.937320462416438183e-01 8.598260016997180122e-01 5.987010593307557915e-01
8.972503506497141457e-01 8.638861469033181084e-01 6.063273927831086541e-01
9.007545848348315065e-01 8.679671584181420929e-01 6.139604165630377919e-01
9.042457948856562622e-01 8.720687825589469311e-01 6.215995941243609435e-01
9.077250265537802898e-01 8.761907671396398367e-01 6.292444040403047945e-01
9.111933262204298112e-01 8.803328612747302051e-01 6.368943389408526778e-01
9.146518411458965936e-01 8.844948128753247207e-01 6.445483887110435850e-01
9.181014399198812459e-01 8.886763760693178194e-01 6.522070369143069257e-01
9.215431329735136456e-01 8.928773061692751867e-01 6.598699905239377994e-01
9.249779591862331563e-01 8.970973583261167006e-01 6.675368399515193563e-01
9.284069633354017359e-01 9.013362874064496655e-01 6.752071871881731857e-01
9.318311973709076934e-01 9.055938475115662412e-01 6.828806464278962540e-01
9.352517053325604124e-01 9.098697924828038630e-01 6.905569177303343409e-01
9.386692761641607374e-01 9.141638924733181959e-01 6.982368600213062493e-01
9.420851054728934804e-01 9.184758913623387588e-01 7.059195692198815264e-01
9.455002721907107555e-01 9.228055370940294599e-01 7.136047484347554093e-01
9.489158711012694036e-01 9.271525732528305141e-01 7.212921172315593932e-01
9.523330148824559194e-01 9.315167380950669651e-01 7.289814141295689609e-01
9.557528363687909367e-01 9.358977634513395705e-01 7.366723995110897594e-01
9.591764911053445308e-01 9.402953734697399035e-01 7.443648589530746928e-01
9.626044201463085370e-01 9.447093478363791652e-01 7.520614741237077183e-01
9.660382997727890997e-01 9.491393523556540535e-01 7.597602090988588852e-01
9.694794642503684612e-01 9.535850702335969542e-01 7.674605839066174218e-01
9.729292051457855139e-01 9.580461759112847142e-01 7.751624857513803590e-01
9.763888641640173782e-01 9.625223247204571786e-01 7.828658350687064393e-01
9.798598416449789683e-01 9.670131492856800515e-01 7.905705885663230070e-01
9.833436071431110870e-01 9.715182551438640290e-01 7.982767417892113748e-01
9.868417127320102678e-01 9.760372153662079109e-01 8.059843308083708413e-01
9.903558098888377570e-01 9.805695639016484000e-01 8.136934324497399063e-01
9.938876711035279365e-01 9.851147872722311183e-01 8.214041622153330779e-01
9.974392177564471718e-01 9.896723141308209071e-01 8.291166686659098284e-01
