7.375452768068666010e-02 1.238804817145915949e-01 2.127617910850401750e-01
7.878266895228361322e-02 1.293796429713815754e-01 2.233888749089584236e-01
8.371689031165255312e-02 1.348362485250578779e-01 2.341287411859362955e-01
8.855497774084386542e-02 1.402536014816029297e-01 2.449874230403124020e-01
9.329332111293001106e-02 1.456350818095170085e-01 2.559704017760491834e-01
9.792685692302580125e-02 1.509842436694248113e-01 2.670824217366222775e-01
1.024489697024991708e-01 1.563049251393898165e-01 2.783272513767466316e-01
1.068478845326088778e-01 1.615997783657742992e-01 2.897215053498112258e-01
1.111125120407342459e-01 1.668735299289942908e-01 3.012673613235242742e-01
1.152317520476791868e-01 1.721326154567041078e-01 3.129563113204508751e-01
1.191902666367896935e-01 1.773835801698751546e-01 3.247845101976578053e-01
1.229630934055620517e-01 1.826319553160511144e-01 3.367661933621823867e-01
1.265188578625320859e-01 1.878848448803353832e-01 3.489141127477231041e-01
1.298382850730822047e-01 1.931565563237102046e-01 3.611836714539409798e-01
1.328622100654887894e-01 1.984551905448939668e-01 3.736168467052478626e-01
1.355532603389138779e-01 2.038003094776801305e-01 3.861612801848921528e-01
1.378480356846270571e-01 2.092118658702248890e-01 3.987944478337683285e-01
1.396662728524205310e-01 2.147151175231349352e-01 4.114821428745394916e-01
1.409173112819358809e-01 2.203425341863093356e-01 4.241571737372800133e-01
1.415064352096067068e-01 2.261332194435534682e-01 4.367109543241276537e-01
1.413442565331786138e-01 2.321297833006473743e-01 4.489939856122251993e-01
1.403437650567963546e-01 2.383734767086569395e-01 4.608394991698139820e-01
1.385128917243027558e-01 2.448907579241007548e-01 4.720243338161392299e-01
1.359144078474891493e-01 2.516838611442752116e-01 4.823756995746005249e-01
1.326815736566617776e-01 2.587265149794272245e-01 4.917922253789525633e-01
1.289818243060634473e-01 2.659712843263720150e-01 5.002656643347502818e-01
1.249597606522328264e-01 2.733657835874339082e-01 5.078664664614751523e-01
1.207225156598252525e-01 2.808630731949767201e-01 5.147024625782229412e-01
1.163707852276152643e-01 2.884212896789990488e-01 5.208884545599243854e-01
1.119291637451091392e-01 2.960158675596598621e-01 5.265322074482655657e-01
1.074549657044395479e-01 3.036225244674055634e-01 5.317265203828953624e-01
1.029557706180635468e-01 3.112290684682503805e-01 5.365473540063894209e-01
9.844495217697776801e-02 3.188258601340139275e-01 5.410568386804969210e-01
9.393524425505339615e-02 3.264060693136550118e-01 5.453059080916752288e-01
8.943829034100228559e-02 3.339651556095771801e-01 5.493362606272288451e-01
8.496258465487077638e-02 3.415006532480689416e-01 5.531815403805556697e-01
8.051242651469878164e-02 3.490118565634596215e-01 5.568683014962372280e-01
7.609824670041531736e-02 3.564982797117322577e-01 5.604188461050022552e-01
7.173280322710984258e-02 3.639600359554055475e-01 5.638514304259782950e-01
6.743225855779688693e-02 3.713976372746862209e-01 5.671810227182790820e-01
6.321841717021006724e-02 3.788117481917818163e-01 5.704200996755455222e-01
5.911816966081350627e-02 3.862032719502290212e-01 5.735787755308953129e-01
5.516319721057411779e-02 3.935733945089756602e-01 5.766648703700228973e-01
5.139569833473541655e-02 4.009231361652045300e-01 5.796849818849378888e-01
4.786818331145251820e-02 4.082534797322170950e-01 5.826444061283960751e-01
4.464469940741947612e-02 4.155653391396098573e-01 5.855473233739779682e-01
4.180136668846936437e-02 4.228595343046407384e-01 5.883969469507493999e-01
3.941597316774306248e-02 4.301367699822445378e-01 5.911956435804143206e-01
3.762482486197080839e-02 4.373976169141034487e-01 5.939450318834863518e-01
3.651290183991928034e-02 4.446425599092810876e-01 5.966458762722340881e-01
3.613551637792868781e-02 4.518719116875946074e-01 5.992983211370016550e-01
3.655807333145941890e-02 4.590856547370679164e-01 6.019023812895284431e-01
3.785392367215682091e-02 4.662836176978106262e-01 6.044574527630776073e-01
4.010621616962087993e-02 4.734654004123857729e-01 6.069625137393662717e-01
4.329952392390589572e-02 4.806303514749756256e-01 6.094161758264345918e-01
4.738763046112210581e-02 4.877775436149980881e-01 6.118167377147303299e-01
5.233159256554247712e-02 4.949057468975561203e-01 6.141622438580637278e-01
5.807773330569900722e-02 5.020133999268199254e-01 6.164505509678875894e-01
6.456996432295214472e-02 5.090985795111419021e-01 6.186794052851808390e-01
7.175516659898645289e-02 5.161589696115773673e-01 6.208465337588430222e-01
7.958637194265974490e-02 5.231918308688027208e-01 6.229497523515203916e-01
8.802411319859687611e-02 5.301939726031941191e-01 6.249870946304023622e-01
9.703647807588910990e-02 5.371617299151567604e-01 6.269569634729504903e-01
1.065983531349944113e-01 5.440909493652944517e-01 6.288583079901622908e-01
1.166896339168781993e-01 5.509773127417857408e-01 6.306883522450008606e-01
1.272967349836015005e-01 5.578154274516933242e-01 6.324490503866098123e-01
1.384074097818662197e-01 5.645996035987917994e-01 6.341430574855043689e-01
1.500100856365018387e-01 5.713238889284530941e-01 6.357739310338467176e-01
1.620955431511745537e-01 5.779823603690845690e-01 6.373422681825735570e-01
1.746485164042727023e-01 5.845682755546047771e-01 6.388602441297881462e-01
1.876528542457028270e-01 5.910754875681399900e-01 6.403361901668358502e-01
2.010878850157035713e-01 5.974981069149812862e-01 6.417817734921228423e-01
2.149236579167635441e-01 6.038309604822617027e-01 6.432146996736073374e-01
2.291279721817113812e-01 6.100699244129050847e-01 6.446511379929169561e-01
2.436570075810266522e-01 6.162124215629711799e-01 6.461137366953515482e-01
2.584644456747849373e-01 6.222574938360471153e-01 6.476238459785863544e-01
2.734969292841880062e-01 6.282062193760760138e-01 6.492052865477231371e-01
2.886994359013159706e-01 6.340615943194476412e-01 6.508808321457331125e-01
3.040158861214909414e-01 6.398285335637757809e-01 6.526723481944675109e-01
3.193932538286687328e-01 6.455134571445227953e-01 6.545988494980784500e-01
3.347808938437593085e-01 6.511242110796833238e-01 6.566773818606911339e-01
3.501356405551472872e-01 6.566692780726389733e-01 6.589207026653494115e-01
3.654213378224532294e-01 6.621574800894355350e-01 6.613380559041250883e-01
3.806031872690569529e-01 6.675984973494892838e-01 6.639381547773087755e-01
3.956637874392905929e-01 6.730002534286074756e-01 6.667217545718492344e-01
4.105820563698476255e-01 6.783716727885383824e-01 6.696918876236761520e-01
4.253431590092540682e-01 6.837210984804624747e-01 6.728490910641957701e-01
4.399441906399617075e-01 6.890549783444528398e-01 6.761892159464052421e-01
4.543805514419360647e-01 6.943800013754861666e-01 6.797094425112620852e-01
4.686506826241542689e-01 6.997022309857795497e-01 6.834061347060852443e-01
4.827554569254017269e-01 7.050271214512342510e-01 6.872751023154842764e-01
4.966976312820991502e-01 7.103595533314811528e-01 6.913118218122418224e-01
5.104813709067613781e-01 7.157038807854544382e-01 6.955116164471591977e-01
5.241118466937575437e-01 7.210639851057468741e-01 6.998697985324291437e-01
5.375949029010652636e-01 7.264433301819162025e-01 7.043817782503553060e-01
5.509367890343442875e-01 7.318450168435245429e-01 7.090431439008514358e-01
5.641439483198947835e-01 7.372718340667596681e-01 7.138497185337510098e-01
5.772228546643823899e-01 7.427263058406944340e-01 7.187975976008701418e-01
5.901798902000726654e-01 7.482107330962625147e-01 7.238831717648437358e-01
6.030212561260647197e-01 7.537272305323458044e-01 7.291031384278658933e-01
6.157529103758525579e-01 7.592777584633227939e-01 7.344545049665720526e-01
6.283801950675413917e-01 7.648642427869445370e-01 7.399346780991535866e-01
6.409067897021061277e-01 7.704888995221553794e-01 7.455417143012198489e-01
6.533404290799382785e-01 7.761526223439910721e-01 7.512727671386287831e-01
6.656859218808254264e-01 7.818569473182498397e-01 7.571260243892943276e-01
6.779477395140203200e-01 7.876033580020962432e-01 7.630999551014174820e-01
6.901292421701927804e-01 7.933935373789807732e-01 7.691934763987490209e-01
7.022354034004832934e-01 7.992285482589331913e-01 7.754053206101512163e-01
7.142703279507570668e-01 8.051095838662559734e-01 7.817346437538347237e-01
7.262372603043188990e-01 8.110379908710284580e-01 7.881809931847310047e-01
7.381394651385690953e-01 8.170150042525898826e-01 7.947441199678394463e-01
7.499802149829204456e-01 8.230417520177542023e-01 8.014240058915229614e-01
7.617618694746535191e-01 8.291195673148495926e-01 8.082210317213561757e-01
7.734864886917250937e-01 8.352498001607838729e-01 8.151358636834493687e-01
7.851571149630378610e-01 8.414333764705456131e-01 8.221693145797781543e-01
7.967750195821847736e-01 8.476717447743424838e-01 8.293227548704373842e-01
8.083407379383604763e-01 8.539665453207815338e-01 8.365979358732730242e-01
8.198548112474083327e-01 8.603193533372420765e-01 8.439969358667989141e-01
8.313172637772553442e-01 8.667318645579512593e-01 8.515222590597950614e-01
8.427294737381920697e-01 8.732051987617311939e-01 8.591768335601858153e-01
8.540881762990334414e-01 8.797421270791387915e-01 8.669642921012777892e-01
8.653903267949205613e-01 8.863453074524029196e-01 8.748886844214770475e-01
8.766314700204014265e-01 8.930178971871692850e-01 8.829545601186590265e-01
8.878047711640391082e-01 8.997639541490261017e-01 8.911668575574754891e-01
8.988997100939005724e-01 9.065890082409965300e-01 8.995305281672434372e-01
9.098995383088198663e-01 9.135012012208061360e-01 9.080494910659911989e-01
9.207752646519006268e-01 9.205140393441557656e-01 9.167234816073731585e-01
9.314648217296949140e-01 9.276561415911053210e-01 9.255346245302628061e-01
9.376983744790335917e-01 9.308617602473903130e-01 9.303161951979864730e-01
9.291832815743527041e-01 9.230698592370186750e-01 9.191166350926003314e-01
9.204361259242420656e-01 9.154925951262937733e-01 9.074523856170465530e-01
9.116598713041093038e-01 9.080184533820450099e-01 8.956045820661289181e-01
9.028695877529884228e-01 9.006321584137326752e-01 8.836489311740135522e-01
8.940719543124370228e-01 8.933259256334289411e-01 8.716217360554912030e-01
8.852701335578878616e-01 8.860949460335214578e-01 8.595444496414900160e-01
8.764656303722121455e-01 8.789358407615006641e-01 8.474313219900980743e-01
8.676590527202854286e-01 8.718460255031103001e-01 8.352925427241134626e-01
8.588504701439965139e-01 8.648234036764481658e-01 8.231357808865746861e-01
8.500388917626470198e-01 8.578667808759655733e-01 8.109639159036799994e-01
8.412244679116254176e-01 8.509740274807086058e-01 7.987849586188356943e-01
8.324065153793708260e-01 8.441437402289057035e-01 7.866029786457705564e-01
8.235842022306528731e-01 8.373746475669815448e-01 7.744213714517105274e-01
8.147565840404652482e-01 8.306655735854507894e-01 7.622430552786000346e-01
8.059226210226915210e-01 8.240154184885661870e-01 7.500705797456369561e-01
7.970811892897436968e-01 8.174231443677042463e-01 7.379062063586486753e-01
7.882310881256618940e-01 8.108877645804398737e-01 7.257519697683710858e-01
7.793710444539037052e-01 8.044083356467959245e-01 7.136097255089881575e-01
7.704997152632251378e-01 7.979839509421430277e-01 7.014811880516409470e-01
7.616156884969245144e-01 7.916137356961348015e-01 6.893679618120170938e-01
7.527174827463224416e-01 7.852968429549568308e-01 6.772715669755903223e-01
7.438035459816096928e-01 7.790324502617798075e-01 6.651934614885798291e-01
7.348722534807479168e-01 7.728197568761377978e-01 6.531350602129092353e-01
7.259219050672937046e-01 7.666579813981454494e-01 6.410977520020367804e-01
7.169507217328928705e-01 7.605463596950422511e-01 6.290829152857978501e-01
7.079568416949671983e-01 7.544841430497508661e-01 6.170919326334901589e-01
6.989383159215352137e-01 7.484705964669458034e-01 6.051262046805542250e-01
6.898931031412097736e-01 7.425049970833388358e-01 5.931871637454676494e-01
6.808190643457436853e-01 7.365866326367500605e-01 5.812762874233690091e-01
6.717114964486269324e-01 7.307161318163808428e-01 5.693892825451233319e-01
6.625698474199922527e-01 7.248917647564026012e-01 5.575324221147446302e-01
6.533917097912019800e-01 7.191127894690610978e-01 5.457076715166144787e-01
6.441744231670372134e-01 7.133785365636085007e-01 5.339168026813737589e-01
6.349151887248239978e-01 7.076883394831957608e-01 5.221617123893269596e-01
6.256110600571849201e-01 7.020415325104962800e-01 5.104444416999308620e-01
6.162555174784929424e-01 6.964390863792732089e-01 4.987604903407423795e-01
6.068451274903280401e-01 6.908803043697984148e-01 4.871126018663254897e-01
5.973789285246398073e-01 6.853632599597939690e-01 4.755086270997584408e-01
5.878531714139553221e-01 6.798872840963253728e-01 4.639514189472793704e-01
5.782582666156192985e-01 6.744541714877408944e-01 4.524344819751922597e-01
5.685900264600456389e-01 6.690630588705464010e-01 4.409623161145821979e-01
5.588480479706101622e-01 6.637113685752668024e-01 4.295461740739910939e-01
5.490198426470742632e-01 6.584015145923961532e-01 4.181786534782871434e-01
5.390997782293351914e-01 6.531327150993229136e-01 4.068651795802716853e-01
5.290870349869686295e-01 6.479021230340104021e-01 3.956190570416493468e-01
5.189588673172925715e-01 6.427152765392222245e-01 3.844239880917134089e-01
5.087245812803901091e-01 6.375649296682068812e-01 3.733102186733860406e-01
4.983527742388253468e-01 6.324590018503949418e-01 3.622555900805252693e-01
4.878518058310738481e-01 6.273901815485994904e-01 3.512917933957759864e-01
4.771940380302564511e-01 6.223638705562324347e-01 3.404085966226726434e-01
4.663710480136247782e-01 6.173780004980368163e-01 3.296225788872593210e-01
4.553699144729220216e-01 6.124316409335739397e-01 3.189480728868732684e-01
4.441650176063864919e-01 6.075273372094802671e-01 3.083911951258918038e-01
4.327321449998446923e-01 6.026661730277030893e-01 2.979661597278560059e-01
4.210524248913941614e-01 5.978466596230844754e-01 2.876982768986662276e-01
4.090962583861873503e-01 5.930695203616257460e-01 2.776110507081578360e-01
3.968305672985683596e-01 5.883351171390717171e-01 2.677350396659040066e-01
3.842187837290589880e-01 5.836432069998109817e-01 2.581098082744939792e-01
3.712056701298459549e-01 5.789964585557015875e-01 2.487785881314394931e-01
3.577502731987260987e-01 5.743914431507890495e-01 2.398105068428464937e-01
3.437997251654603681e-01 5.698252327617812085e-01 2.312877590833484764e-01
3.292861644422035439e-01 5.652951721314812827e-01 2.233115395389504432e-01
3.141462355093226910e-01 5.607937807621719006e-01 2.160140315117448084e-01
2.983396134006115474e-01 5.563052438359923357e-01 2.095601866232901234e-01
2.818448852427887785e-01 5.518073152448439433e-01 2.041392708608088524e-01
2.647101684501524388e-01 5.472642664177999050e-01 1.999496037847721674e-01
2.471064906166073327e-01 5.426239794277611939e-01 1.971490050360792945e-01
2.293243102709984216e-01 5.378274126430957480e-01 1.957904527963196251e-01
2.117554445895822313e-01 5.328195246501918891e-01 1.957683637480722716e-01
1.947934368193192101e-01 5.275661686661594629e-01 1.968303057280360591e-01
1.787254131718586658e-01 5.220622499406954997e-01 1.986638361266959696e-01
1.637161675843494812e-01 5.163241852209454752e-01 2.009723100712262345e-01
1.498193264773300115e-01 5.103801706100432600e-01 2.035310887484977349e-01
1.370425676902992385e-01 5.042600824534957393e-01 2.061681282097394541e-01
1.253542940356693058e-01 4.979923080755440101e-01 2.087824616971128977e-01
1.147243018989837493e-01 4.916010734376027869e-01 2.113026061352446527e-01
1.051242281147269919e-01 4.851068378373328271e-01 2.136817470639067462e-01
9.653071434085752633e-02 4.785261045209383002e-01 2.159012121411558738e-01
8.892766416416969522e-02 4.718728370895997615e-01 2.179407637007421683e-01
8.230041531938850352e-02 4.651584823042346772e-01 2.197918991817549572e-01
7.663236006298584924e-02 4.583926375430580902e-01 2.214497957073729983e-01
7.190606098107094057e-02 4.515827867790493388e-01 2.229184020264589061e-01
6.808613234456734054e-02 4.447362145833547165e-01 2.241924257622830985e-01
6.513004530084348653e-02 4.378585216124394885e-01 2.252752842413522361e-01
6.298488632479173899e-02 4.309542552528036197e-01 2.261723121327425812e-01
6.158176543970728806e-02 4.240276358557834024e-01 2.268860814260826864e-01
6.084201151500311794e-02 4.170822896421691461e-01 2.274197057283811052e-01
6.068102760493793851e-02 4.101213423487403142e-01 2.277765821891090670e-01
6.101247169011760757e-02 4.031474969883735993e-01 2.279602115979271204e-01
6.175207516088337262e-02 3.961630981194012580e-01 2.279740752968659190e-01
6.282063944908541919e-02 3.891701847447717189e-01 2.278215530749789774e-01
6.414603017365708149e-02 3.821705336721033519e-01 2.275058703442501273e-01
6.566421653523030200e-02 3.751656948894306343e-01 2.270300659592289771e-01
6.731953732695522552e-02 3.681570202615560006e-01 2.263969742998288570e-01
6.906441948961786204e-02 3.611456866335469584e-01 2.256092168875183934e-01
7.085876015911679593e-02 3.541327142415787721e-01 2.246692000009048451e-01
7.266913986052170316e-02 3.471189811754354926e-01 2.235791156092483134e-01
7.446798521500455625e-02 3.401052345092784313e-01 2.223409435327721728e-01
7.623275619654901192e-02 3.330920986154848329e-01 2.209564531235055918e-01
7.794570662056971022e-02 3.260800209377963665e-01 2.194274042547144643e-01
7.959244701255976939e-02 3.190693606829672069e-01 2.177552298439939804e-01
8.116109499369941749e-02 3.120604319282387906e-01 2.159409218367330241e-01
8.264246381096987393e-02 3.050534279497085222e-01 2.139852852747285983e-01
8.402949381112731486e-02 2.980484408244513661e-01 2.118888507225052398e-01
8.531691031005061987e-02 2.910454623457234269e-01 2.096518399617594008e-01
8.650093476141046400e-02 2.840443854663567413e-01 2.072741168701372483e-01
8.757903716397896776e-02 2.770450072698141808e-01 2.047551187709187315e-01
8.854971708629866267e-02 2.700470349298980666e-01 2.020937617372912665e-01
8.941229944711465150e-02 2.630500968475058543e-01 1.992883107278128341e-01
9.016672868778050076e-02 2.560537622962194004e-01 1.963362016350173045e-01
9.081886843073685989e-02 2.490566381252644068e-01 1.932356495851735578e-01
9.136901553244378138e-02 2.420582427368809242e-01 1.899813574091234747e-01
9.181595141545434435e-02 2.350584413608182155e-01 1.865656955046254839e-01
9.216684726525270488e-02 2.280557030081264980e-01 1.829811683074239193e-01
9.243136935540913202e-02 2.210480827190690611e-01 1.792171540408890040e-01
9.261146384349086547e-02 2.140352617439374994e-01 1.752554036768402823e-01
9.271437111416730437e-02 2.070163724466169142e-01 1.710710698052534950e-01
9.275279294396718277e-02 1.999902670737316313e-01 1.666269356068880436e-01
9.272668631873207112e-02 1.929600037159426296e-01 1.618595979902168747e-01
9.261671404288818188e-02 1.859362992280506333e-01 1.566599697643915323e-01
9.231200767757011261e-02 1.789568702118982668e-01 1.508323883588239822e-01
9.142026665931302087e-02 1.721314798665236068e-01 1.440852486932779342e-01
8.917939818955245013e-02 1.656434565975929418e-01 1.363166994361142137e-01
8.531265904132753763e-02 1.595308337707317947e-01 1.279135106441774972e-01
8.024483048842379063e-02 1.536645283272409790e-01 1.192661113795802641e-01
7.439726748833139225e-02 1.479283328880949266e-01 1.105266450665093048e-01
6.800990806816514800e-02 1.422532031303517241e-01 1.017432320517207001e-01
