8.929865526539035314e-02 1.374124758360965037e-01 3.452093582185022935e-02
9.005217150919292424e-02 1.411718389832368747e-01 3.764790494098086554e-02
9.075209164485098512e-02 1.449259205474083267e-01 4.087516471777557364e-02
9.139724726392761678e-02 1.486754815317821443e-01 4.406528183402453475e-02
9.198633804382944090e-02 1.524212577997079987e-01 4.720838746241964173e-02
9.251494058142115118e-02 1.561646622534609563e-01 5.030545601042495790e-02
9.297920106180512789e-02 1.599068753406776289e-01 5.335692306688401970e-02
9.338313643992474100e-02 1.636472047912896910e-01 5.636219497391597305e-02
9.372499406727236027e-02 1.673862798447426081e-01 5.932127834156755014e-02
9.400291819768449852e-02 1.711247002943780959e-01 6.223401699396358816e-02
9.421495543101637837e-02 1.748630355213341980e-01 6.510010900599316752e-02
9.435805200737151788e-02 1.786020368845210871e-01 6.791913557861478656e-02
9.442644348314038760e-02 1.823429539998514259e-01 7.069049211607639216e-02
9.442301994421373190e-02 1.860851645575081204e-01 7.341338084045173629e-02
9.434550843240988027e-02 1.898291074098181208e-01 7.608705798156245592e-02
9.419156526581046185e-02 1.935751856172520102e-01 7.871068055758448367e-02
9.395878160684215108e-02 1.973237652705046585e-01 8.128331167397523371e-02
9.364468922504975978e-02 2.010751742790478636e-01 8.380392521119603422e-02
9.324676651719027154e-02 2.048297011319918370e-01 8.627141010230726659e-02
9.276244485399970374e-02 2.085875936384468110e-01 8.868457436399582172e-02
9.218911533128004709e-02 2.123490576559857179e-01 9.104214901470558674e-02
9.152413601350617434e-02 2.161142558172104433e-01 9.334279198941594635e-02
9.076483977174074069e-02 2.198833062658032134e-01 9.558509214083271699e-02
8.990854283505766986e-02 2.236562814147758926e-01 9.776757340026984155e-02
8.895255419735634272e-02 2.274332067408728064e-01 9.988869915748851969e-02
8.789418605081672498e-02 2.312140596302222351e-01 1.019468769066298741e-01
8.673076545538349613e-02 2.349987682913451947e-01 1.039404631946481972e-01
8.545964750330378723e-02 2.387872107524862675e-01 1.058677688989692889e-01
8.407823030241878826e-02 2.425792139609184717e-01 1.077270648522204444e-01
8.258397218627225311e-02 2.463745530023707664e-01 1.095165878235834778e-01
8.097441166963392778e-02 2.501729504590120556e-01 1.112345468584935715e-01
7.924719081302056267e-02 2.539740759244958346e-01 1.128791299709553941e-01
7.740008285101163121e-02 2.577775456943936505e-01 1.144485111755896845e-01
7.542695273131169720e-02 2.615834386020043367e-01 1.159399269144843481e-01
7.332668091399632826e-02 2.653911224658279666e-01 1.173516431245472391e-01
7.110036622457793776e-02 2.691996913917028000e-01 1.186824353990545700e-01
6.874672366274142687e-02 2.730085399754834663e-01 1.199305000671698207e-01
6.626485597236025926e-02 2.768170112314347620e-01 1.210940612025233620e-01
6.365434676549538984e-02 2.806243977609881313e-01 1.221713790830616375e-01
6.090583956381586533e-02 2.844309082411125567e-01 1.231582864859878390e-01
5.802851647400163876e-02 2.882348166896811503e-01 1.240552089874323305e-01
5.502501449219165258e-02 2.920351873046234115e-01 1.248607705590672190e-01
5.189842801253075760e-02 2.958311201887033337e-01 1.255734780436069398e-01
4.864411213560807662e-02 2.996224538921233860e-01 1.261894138671292298e-01
4.527462642009390942e-02 3.034076185688935889e-01 1.267088297812300202e-01
4.180203823083294273e-02 3.071853439642646677e-01 1.271312927706119422e-01
3.823401714001548740e-02 3.109548369772610621e-01 1.274547339688432424e-01
3.473940920297308860e-02 3.147154097393701222e-01 1.276764215369311783e-01
3.139367887585055306e-02 3.184652422140698547e-01 1.277981320845396063e-01
2.822485832583165877e-02 3.222033597449968645e-01 1.278185125309524717e-01
2.525736911257376108e-02 3.259291182498525452e-01 1.277344814067907786e-01
2.253341928147869003e-02 3.296406689865283846e-01 1.275487265700775696e-01
2.008323854154377835e-02 3.333370944768304089e-01 1.272597461829353960e-01
1.793882829248124797e-02 3.370174209771679141e-01 1.268661825279183974e-01
1.614163423138071859e-02 3.406800579900963188e-01 1.263705533011038051e-01
1.472279323912789768e-02 3.443242266263598639e-01 1.257707363842926751e-01
1.372180106691785542e-02 3.479485998517255485e-01 1.250683264523218263e-01
1.317682511026578920e-02 3.515519979917915983e-01 1.242645347370008313e-01
1.312180159049013313e-02 3.551336167066321825e-01 1.233578561932749673e-01
1.359823022092182358e-02 3.586921161609924469e-01 1.223518132064582431e-01
1.464096729090646511e-02 3.622267119778637134e-01 1.212455579911169701e-01
1.628853969176265876e-02 3.657363592310936551e-01 1.200413468835987707e-01
1.857760772007328864e-02 3.692201837291423927e-01 1.187405071206766860e-01
2.154393845904847837e-02 3.726774102219836959e-01 1.173438370554478749e-01
2.522381838044572208e-02 3.761072012585565671e-01 1.158541613427385708e-01
2.965130739151262268e-02 3.795089443804295914e-01 1.142718049699125160e-01
3.486062175047904832e-02 3.828819519594751641e-01 1.125998634845316870e-01
4.087560121795270202e-02 3.862257027103584428e-01 1.108396466713212070e-01
4.728516412821729548e-02 3.895397104639962693e-01 1.089934156966079759e-01
5.389608431436321984e-02 3.928235744379738881e-01 1.070632328992333904e-01
6.067061976175549404e-02 3.960769673537009039e-01 1.050512684011704057e-01
6.757894406358469497e-02 3.992996368459142409e-01 1.029595006732185181e-01
7.459686675944812717e-02 4.024914041384192176e-01 1.007907473031291190e-01
8.170553013293888056e-02 4.056521578937006267e-01 9.854637358108750411e-02
8.888861023899072289e-02 4.087818727694529364e-01 9.622969365073930081e-02
9.613365046130492586e-02 4.118805655818211231e-01 9.384204601090598286e-02
1.034295247109794091e-01 4.149483402660497089e-01 9.138618304677645354e-02
1.107669516175131263e-01 4.179853626771928288e-01 8.886456983580465208e-02
1.181388930596410092e-01 4.209918053634251200e-01 8.627836391002888239e-02
1.255370797418812190e-01 4.239680333519507127e-01 8.363213552960074848e-02
1.329575172268648853e-01 4.269142507245670126e-01 8.092553334042693058e-02
1.403935842322273642e-01 4.298309326629225491e-01 7.816309238689170269e-02
1.478416230743027637e-01 4.327184316717301860e-01 7.534601142118191319e-02
1.552979604878213515e-01 4.355771684380211894e-01 7.247631958131101060e-02
1.627574284060212539e-01 4.384077819890913608e-01 6.955891926420906812e-02
1.702190479555156788e-01 4.412105850009809260e-01 6.659338361117686511e-02
1.776780253385041308e-01 4.439863224238401185e-01 6.358545484045105556e-02
1.851327308005216998e-01 4.467354769931262681e-01 6.053697649359491423e-02
1.925817095997962858e-01 4.494585413255824391e-01 5.745018129304192006e-02
2.000200211103668191e-01 4.521564784501346801e-01 5.433336505333650340e-02
2.074486549957292869e-01 4.548295723044710193e-01 5.118671215382484402e-02
2.148648060010267535e-01 4.574786043485238873e-01 4.801715435058716980e-02
2.222658036711901985e-01 4.601043953546051779e-01 4.483271320483307038e-02
2.296521924362141531e-01 4.627073409795680603e-01 4.163759243114546066e-02
2.370209946781680066e-01 4.652883659299739683e-01 3.843911505739933121e-02
2.443710548509581137e-01 4.678481638204245452e-01 3.537164584876198448e-02
2.517025825555515017e-01 4.703872220738002929e-01 3.247190370057199960e-02
2.590127152667743293e-01 4.729065451316756818e-01 2.975099805513385307e-02
2.663009743525511785e-01 4.754067727460012383e-01 2.721629930890127197e-02
2.735674599646368277e-01 4.778884435294002420e-01 2.487462057256962025e-02
2.808097089024099158e-01 4.803525692736534958e-01 2.273691948755059838e-02
2.880271292567562202e-01 4.827998469237553825e-01 2.081152435948739957e-02
2.952199641832566335e-01 4.852308132448507894e-01 1.910595857536403347e-02
3.023863791356239950e-01 4.876464164196007700e-01 1.763100542850339764e-02
3.095250093415136128e-01 4.900475379589678826e-01 1.639701390113647642e-02
3.166364662881632208e-01 4.924346559434244486e-01 1.541216299470653424e-02
3.237197046696448921e-01 4.948085915327577466e-01 1.468725803516389775e-02
3.307720812021318624e-01 4.971705395002957162e-01 1.423529890710395485e-02
3.377947542667332215e-01 4.995208641806201944e-01 1.406524863815052442e-02
3.447868413263202036e-01 5.018603772444676370e-01 1.418905800400948117e-02
3.517462468959964283e-01 5.041901915018043301e-01 1.462035680073993371e-02
3.586726069058017163e-01 5.065110263663533674e-01 1.537144292368334067e-02
3.655657356294915727e-01 5.088235528427031973e-01 1.645513605415628577e-02
3.724246698569472214e-01 5.111286340856936450e-01 1.788562890489906951e-02
3.792467328508998259e-01 5.134275907515226667e-01 1.967893984972952579e-02
3.860327277764643572e-01 5.157208560752236659e-01 2.184899419619887664e-02
3.927816474747150011e-01 5.180093271036882996e-01 2.441190126981037170e-02
3.994920818619139280e-01 5.202940202972761163e-01 2.738464026664117271e-02
4.061620593553963432e-01 5.225761263650421373e-01 3.078497373425082007e-02
4.127918198716682974e-01 5.248562248930044305e-01 3.463035441459575564e-02
4.193802671769119028e-01 5.271352675242023667e-01 3.893969613739442504e-02
4.259258980810883832e-01 5.294143346576127840e-01 4.360424332046432955e-02
4.324266633895231249e-01 5.316946878169711566e-01 4.841505504452642966e-02
4.388827065476711420e-01 5.339769368589519782e-01 5.336440954611374604e-02
4.452928736798726361e-01 5.362620794167363147e-01 5.843889951578200986e-02
4.516560079243691628e-01 5.385511207037289028e-01 6.362749731155631361e-02
4.579692345773426765e-01 5.408456303886024497e-01 6.892048970668768204e-02
4.642330202243300508e-01 5.431461173527850628e-01 7.431069363591089050e-02
4.704462787846097060e-01 5.454535830021826071e-01 7.979190797512256128e-02
4.766078904585908105e-01 5.477690445210152692e-01 8.535894233374238804e-02
4.827161700035804137e-01 5.500937198712393394e-01 9.100703055049011447e-02
4.887693537407366562e-01 5.524288720122279006e-01 9.673180712747389554e-02
4.947676699410980539e-01 5.547750720280955061e-01 1.025308148005032727e-01
5.007101503403214027e-01 5.571333012891322989e-01 1.084012554708157494e-01
5.065958827383512109e-01 5.595045234397142409e-01 1.143406446989298497e-01
5.124240038946151765e-01 5.618896861575388701e-01 1.203467231301317275e-01
5.181918959065142660e-01 5.642904059557825036e-01 1.264153911165168676e-01
5.239007079413769974e-01 5.667068904101176807e-01 1.325464801495691847e-01
5.295498346968123826e-01 5.691399919469580793e-01 1.387381540349744702e-01
5.351387611832759683e-01 5.715905268752025092e-01 1.449886406727787791e-01
5.406670677909100053e-01 5.740592721907638030e-01 1.512962082243739237e-01
5.461344346656080706e-01 5.765469626093134847e-01 1.576591469423198333e-01
5.515403231884808966e-01 5.790544224166986886e-01 1.640752426201048386e-01
5.568837900832495080e-01 5.815826543286315431e-01 1.705412998958935333e-01
5.621660777195427450e-01 5.841317389932770832e-01 1.770574893810617223e-01
5.673873068306127809e-01 5.867022114265194599e-01 1.836221262444669711e-01
5.725477061167714155e-01 5.892945544440963968e-01 1.902335199548108036e-01
5.776476109861781172e-01 5.919091979900799050e-01 1.968899757830668285e-01
5.826874613810162362e-01 5.945465188988352523e-01 2.035897978953888354e-01
5.876677987284627536e-01 5.972068410877159339e-01 2.103312936936319599e-01
5.925892620716775028e-01 5.998904361697469101e-01 2.171127790909829769e-01
5.974525834501488442e-01 6.025975244680792375e-01 2.239325844378983743e-01
6.022585826109456697e-01 6.053282764071034050e-01 2.307890608398546761e-01
6.070081611422250001e-01 6.080828142491693233e-01 2.376805866341049622e-01
6.117022961277159832e-01 6.108612141408155116e-01 2.446055738182787431e-01
6.163420334255700350e-01 6.136635084285723130e-01 2.515624742494043109e-01
6.209284806770324350e-01 6.164896882016338564e-01 2.585497854578515664e-01
6.254628001498642176e-01 6.193397060171614843e-01 2.655660559465441994e-01
6.299462015185403052e-01 6.222134787635469344e-01 2.726098898713518182e-01
6.343799346782192927e-01 6.251108906176022773e-01 2.796799510234719843e-01
6.387652826825759300e-01 6.280317960532320054e-01 2.867749660584468230e-01
6.431035548872419128e-01 6.309760228615656219e-01 2.938937269388937068e-01
6.473960803710432366e-01 6.339433751456357014e-01 3.010350925786858811e-01
6.516442016969943296e-01 6.369336362562929565e-01 3.081979896949493258e-01
6.558492690642696576e-01 6.399465716400813964e-01 3.153814128905649827e-01
6.600126348916509622e-01 6.429819315739779828e-01 3.225844240038339694e-01
6.641356488623431087e-01 6.460394537662401682e-01 3.298061507734139641e-01
6.682196534499944551e-01 6.491188658068374195e-01 3.370457848756576724e-01
6.722652091124605711e-01 6.522205648007805001e-01 3.442959406722139737e-01
6.762743954355412423e-01 6.553436836145016819e-01 3.515611150192950451e-01
6.802486149564699325e-01 6.584878549776429502e-01 3.588413591177077033e-01
6.841891628882948995e-01 6.616527810330142811e-01 3.661361055359529937e-01
6.880973109062716864e-01 6.648381636306284204e-01 3.734448390598392731e-01
6.919743053723806936e-01 6.680437057993352523e-01 3.807670921587614221e-01
6.958211556265258002e-01 6.712694245148835837e-01 3.880986691690467283e-01
6.996389504815939686e-01 6.745153447778252653e-01 3.954348179002074026e-01
7.034293459169861373e-01 6.777805420907722089e-01 4.027826167142553038e-01
7.071934869129153922e-01 6.810647303134029773e-01 4.101417819369795881e-01
7.109324882774058496e-01 6.843676297798135799e-01 4.175120571933065294e-01
7.146473679355994646e-01 6.876893041937327533e-01 4.248883576952261487e-01
7.183392603698408596e-01 6.910298019843746919e-01 4.322652686574732783e-01
7.220094010724256162e-01 6.943881849749893309e-01 4.396520664552179269e-01
7.256587917389631937e-01 6.977642003093578182e-01 4.470486116082700856e-01
7.292884258957850196e-01 7.011576829034898983e-01 4.544534604952637502e-01
7.328995938764572005e-01 7.045692295680591188e-01 4.618520750029913580e-01
7.364930877267052978e-01 7.079976596962170854e-01 4.692596078003237747e-01
7.400698009467201466e-01 7.114427530721721959e-01 4.766759821133386699e-01
7.436308095501137361e-01 7.149045636974939999e-01 4.840960764579424480e-01
7.471774626171533429e-01 7.183833092994234004e-01 4.915110240427936206e-01
7.507101092257266739e-01 7.218780605679100404e-01 4.989342574153113330e-01
7.542295482446012000e-01 7.253886313078807824e-01 5.063657112405256511e-01
7.577375468898666089e-01 7.289155569159869730e-01 5.137898255268903425e-01
7.612343732775579408e-01 7.324581204875162399e-01 5.212172165504103116e-01
7.647204950340513729e-01 7.360159407194520886e-01 5.286524283363107646e-01
7.681974645408095048e-01 7.395893025578424984e-01 5.360848729983697103e-01
7.716661577956845930e-01 7.431780256446695043e-01 5.435142493429991895e-01
7.751264682630418790e-01 7.467815113519948866e-01 5.509511276086768161e-01
7.785798823949470204e-01 7.503999606380625798e-01 5.583866556292123029e-01
7.820276118030934365e-01 7.540333823684580716e-01 5.658162487249380757e-01
7.854691214008717726e-01 7.576811385259651921e-01 5.732530557760876500e-01
7.889060937515044447e-01 7.613434628076222177e-01 5.806870133044517157e-01
7.923395606726004736e-01 7.650203081655303494e-01 5.881153379812822379e-01
7.957688354139257347e-01 7.687111215025086430e-01 5.955505745048960131e-01
7.991961257549223818e-01 7.724162468091486655e-01 6.029788588969734464e-01
8.026216181571790287e-01 7.761354171908516619e-01 6.104046006795250667e-01
8.060448342535938560e-01 7.798682461333931171e-01 6.178368984184239299e-01
8.094688616936538406e-01 7.836152358565647846e-01 6.252559076836963214e-01
8.128923104214207385e-01 7.873757976851032403e-01 6.326778191317969924e-01
8.163158812215947080e-01 7.911498802747604087e-01 6.401015915189716132e-01
8.197421712411683270e-01 7.949378122088245346e-01 6.475124178614252157e-01
8.231692058248967214e-01 7.987389847286920919e-01 6.549292242009853160e-01
8.265994962988614247e-01 8.025537058140065350e-01 6.623380000294505354e-01
8.300330433809895991e-01 8.063817878409780260e-01 6.697429431557311297e-01
8.334692347604204521e-01 8.102229630766226709e-01 6.771519858769738942e-01
8.369116924702255655e-01 8.140776936581837209e-01 6.845444559763480541e-01
8.403577183703828668e-01 8.179453744583236041e-01 6.919420956756658914e-01
8.438099082585748256e-01 8.218262907750505386e-01 6.993312961529913885e-01
8.472682556662991527e-01 8.257203040428521268e-01 7.067156446774037759e-01
8.507323403617870206e-01 8.296272309871834949e-01 7.141010484893870469e-01
8.542052474045456201e-01 8.335474062635604975e-01 7.214714839611934272e-01
8.576844307274773538e-01 8.374803510631448900e-01 7.288459197019883096e-01
8.611731953261930750e-01 8.414264275832286089e-01 7.362071989315891463e-01
8.646701705293020623e-01 8.453853455951958473e-01 7.435667056542786257e-01
8.681765245634804895e-01 8.493571726793062160e-01 7.509203456948682076e-01
8.716934213076386051e-01 8.533419740482679483e-01 7.582641757719886799e-01
8.752195961050037720e-01 8.573395029166819281e-01 7.656084114783471284e-01
8.787585126825064874e-01 8.613501278848787468e-01 7.729357412359404433e-01
8.823074093593131773e-01 8.653734219231591362e-01 7.802648428245492207e-01
8.858697333871612400e-01 8.694097529930446822e-01 7.875786698577667000e-01
8.894437646686682575e-01 8.734588386875669075e-01 7.948896732411319110e-01
8.930313484847757222e-01 8.775208488338569479e-01 8.021900239728452231e-01
8.966325859761846706e-01 8.815957376614714791e-01 8.094817508615266277e-01
9.002476200600083578e-01 8.856834679414550271e-01 8.167665827598634687e-01
9.038781429452593663e-01 8.897841990854608030e-01 8.240376517729566253e-01
9.075228330010588484e-01 8.938977158276631974e-01 8.313047425234719734e-01
9.111847445599767781e-01 8.980243560509911793e-01 8.385535081377003541e-01
9.148615397866481924e-01 9.021637784573337537e-01 8.457992295663705473e-01
9.185567777412456669e-01 9.063163950872672459e-01 8.530248553763047914e-01
9.222682582644461391e-01 9.104818806142391807e-01 8.602448340782787861e-01
9.259987611554207909e-01 9.146605570822571307e-01 8.674464202789295975e-01
9.297472127553250143e-01 9.188522421973628340e-01 8.746378903263588578e-01
9.335154242572559768e-01 9.230571381666963227e-01 8.818118159429974012e-01
9.373032829378677988e-01 9.272751875412132971e-01 8.889712721301835652e-01
9.411118305737387058e-01 9.315064894515633354e-01 8.961130827014092137e-01
9.449417719065633658e-01 9.357510944550934129e-01 9.032359615543987807e-01
9.487935840811704269e-01 9.400090124347679765e-01 9.103399591016323456e-01
9.526686815587160906e-01 9.442803846728492490e-01 9.174201078961530254e-01
9.565672064631335347e-01 9.485651405537606218e-01 9.244786425066616742e-01
9.604912439422667036e-01 9.528634894827320290e-01 9.315073594176666028e-01
9.644409125330360988e-01 9.571752753074435072e-01 9.385094812824640309e-01
9.684191000171066266e-01 9.615007294668679316e-01 9.454735692710111161e-01
9.724265008905218499e-01 9.658395517117978057e-01 9.524020780358123384e-01
9.764675439079836261e-01 9.701918318027556998e-01 9.592791405304946784e-01
9.805454808833601321e-01 9.745567544653938041e-01 9.661024448981557766e-01
9.846708328911749630e-01 9.789331504948631801e-01 9.728451207392708744e-01
9.888659897461261616e-01 9.833153115456393367e-01 9.794789248708802853e-01
