7.375452768068666010e-02 1.238804817145915949e-01 2.127617910850401750e-01
7.645697840675752532e-02 1.267990504494319604e-01 2.180067422910036967e-01
7.914234968643379942e-02 1.297097548387715071e-01 2.232453428607628632e-01
8.180334057705010431e-02 1.326086461208400291e-01 2.285163108434975499e-01
8.444207090768859891e-02 1.354973915830044173e-01 2.338098174022711917e-01
8.706156279431595535e-02 1.383781436271641074e-01 2.391116858209301199e-01
8.965372497760570880e-02 1.412468283756184995e-01 2.444616942396251602e-01
9.223021110747364748e-02 1.441104536966286986e-01 2.498033227454001803e-01
9.477612530241660838e-02 1.469614131949009694e-01 2.552072111649015262e-01
9.730569154057908121e-02 1.498080077362163864e-01 2.606052582613351265e-01
9.980687704406046579e-02 1.526444789747172792e-01 2.660522772288804183e-01
1.022883115123446041e-01 1.554760084167268464e-01 2.715071425507329383e-01
1.047423512411923829e-01 1.582994221031582827e-01 2.770023493994465125e-01
1.071739135907047169e-01 1.611179447686109378e-01 2.825138516395245269e-01
1.095776251061008344e-01 1.639297885930579568e-01 2.880622667612895427e-01
1.119570297339565201e-01 1.667374961728980420e-01 2.936295512387888107e-01
1.143063907897684250e-01 1.695393704565434645e-01 2.992360350335114272e-01
1.166307793031781670e-01 1.723386316058300727e-01 3.048574648091468275e-01
1.189208338569433254e-01 1.751323147127832602e-01 3.105265532349502089e-01
1.211867377605410634e-01 1.779257218453506317e-01 3.161995828933851782e-01
1.234114822503756814e-01 1.807132472119033217e-01 3.219352736990550023e-01
1.256110019208191708e-01 1.835022975251489052e-01 3.276695837923951915e-01
1.277670266472677452e-01 1.862874129509779486e-01 3.334617865839551443e-01
1.298896453691073261e-01 1.890736722851146523e-01 3.392697888265518991e-01
1.319741139064127544e-01 1.918608336322587538e-01 3.451033209090833553e-01
1.340104139894542357e-01 1.946473942597764795e-01 3.509865605788605736e-01
1.360090221116665998e-01 1.974382273137929578e-01 3.568783325876138668e-01
1.379560548600192726e-01 2.002310905557264098e-01 3.628123102891108731e-01
1.398503011952379194e-01 2.030277610605294436e-01 3.687813088837847975e-01
1.416959799640482576e-01 2.058312785726856831e-01 3.747635023480114791e-01
1.434824008813591067e-01 2.086412341155629568e-01 3.807772778131625624e-01
1.452005894483528181e-01 2.114582455825749219e-01 3.868325719256954232e-01
1.468559487784205919e-01 2.142859492973475666e-01 3.929024583609499466e-01
1.484426801274943974e-01 2.171257818493810832e-01 3.989878221013453685e-01
1.499523080455911206e-01 2.199791271363607525e-01 4.050933167704912075e-01
1.513704017406758418e-01 2.228471654603719210e-01 4.112325277898043474e-01
1.527004182160118240e-01 2.257336942574612038e-01 4.173799739427121458e-01
1.539346013223617526e-01 2.286411796165119248e-01 4.235326604255650884e-01
1.550647601604610293e-01 2.315723949064945053e-01 4.296861601278767484e-01
1.560824003159324014e-01 2.345304224393707226e-01 4.358343699892036072e-01
1.569789134221903082e-01 2.375186350592311535e-01 4.419692932092909587e-01
1.577458316281321327e-01 2.405406510113120011e-01 4.480808777967387191e-01
1.583751485505792977e-01 2.436002559792586064e-01 4.541569477839692559e-01
1.588597005301811416e-01 2.467012881565172067e-01 4.601832654985868465e-01
1.591935916959990593e-01 2.498474859841379181e-01 4.661437590426714128e-01
1.593726345472221140e-01 2.530423037404513908e-01 4.720209365338626228e-01
1.593947665651695156e-01 2.562887069313263821e-01 4.777964871603779806e-01
1.592563916183923622e-01 2.595893014946226707e-01 4.834551473001890698e-01
1.589618494231020696e-01 2.629455087487335141e-01 4.889774973257580704e-01
1.585224355445880862e-01 2.663572024905755953e-01 4.943437082616162770e-01
1.579474012968927754e-01 2.698234806527901042e-01 4.995406385540951955e-01
1.572479062728344701e-01 2.733424096510619350e-01 5.045585783320968298e-01
1.564386165279709751e-01 2.769108633044548573e-01 5.093906173757567490e-01
1.555357295281662999e-01 2.805248277577096494e-01 5.140337194614641447e-01
1.545532799459805318e-01 2.841800775049865280e-01 5.184894635721262190e-01
1.535061622058691011e-01 2.878719389477547019e-01 5.227619982250929498e-01
1.524132110720559652e-01 2.915949153927394621e-01 5.268570333062174704e-01
1.512810654912317698e-01 2.953453464788848293e-01 5.307846842677464982e-01
1.501199569472258799e-01 2.991191090628214089e-01 5.345546446537943197e-01
1.489389157335759828e-01 3.029123996830467846e-01 5.381771249843132487e-01
1.477457862979936198e-01 3.067217786820548020e-01 5.416624767270123986e-01
1.465535225467634595e-01 3.105431271503707458e-01 5.450207324405687004e-01
1.453622460215694134e-01 3.143747002930949996e-01 5.482622335055049589e-01
1.441752822186477268e-01 3.182144299410150090e-01 5.513963053690271732e-01
1.429964316971344129e-01 3.220603620819341151e-01 5.544316225391949793e-01
1.418288591673050880e-01 3.259108320790168323e-01 5.573762430111086630e-01
1.406751902685298983e-01 3.297644334806528188e-01 5.602376027383721979e-01
1.395375995536567160e-01 3.336199872888822582e-01 5.630225296816122604e-01
1.384178887570395033e-01 3.374765128603829933e-01 5.657372708032499808e-01
1.373175552349682194e-01 3.413332011210538641e-01 5.683875269549534259e-01
1.362378509919160985e-01 3.451893904199370144e-01 5.709784919298876993e-01
1.351798330152003957e-01 3.490445451044267844e-01 5.735148930196608541e-01
1.341444057959317593e-01 3.528982367406262033e-01 5.760010312474743710e-01
1.331323569646557237e-01 3.567501278076894433e-01 5.784408200782795717e-01
1.321443869528283466e-01 3.605999576446578536e-01 5.808378218707240803e-01
1.311811335335777706e-01 3.644475304082649414e-01 5.831952816690780805e-01
1.302431920160850576e-01 3.682927047998550973e-01 5.855161581664681814e-01
1.293311317797853632e-01 3.721353853312537319e-01 5.878031518285610213e-01
1.284455097461051909e-01 3.759755149177669287e-01 5.900587302693796055e-01
1.275868813012636105e-01 3.798130686079260743e-01 5.922851510335774838e-01
1.267558091064109049e-01 3.836480482817817839e-01 5.944844819740594533e-01
1.259567175096151237e-01 3.874798996999607170e-01 5.966594629868621213e-01
1.251863271133234479e-01 3.913092608523243698e-01 5.988110184722457152e-01
1.244450096471148015e-01 3.951362263388156770e-01 6.009406875407767856e-01
1.237333554726670892e-01 3.989608740130581865e-01 6.030499221193461601e-01
1.230519907704331617e-01 4.027832909563326957e-01 6.051400586564531503e-01
1.224015794236393839e-01 4.066035716296558800e-01 6.072123282797360355e-01
1.217828243546119349e-01 4.104218163174213618e-01 6.092678657896879457e-01
1.211964684145897253e-01 4.142381298136030288e-01 6.113077176277862401e-01
1.206454020958304674e-01 4.180523293165320786e-01 6.133333685530675261e-01
1.201291257933634893e-01 4.218647152040051473e-01 6.153453950557007390e-01
1.196471130218438317e-01 4.256755909805444715e-01 6.173442728499783927e-01
1.192002445709156311e-01 4.294850703872533648e-01 6.193307469219098138e-01
1.187894458871986691e-01 4.332932669242831047e-01 6.213055036406108789e-01
1.184156864090791517e-01 4.371002934008059171e-01 6.232691746081066020e-01
1.180799787861621930e-01 4.409062615432641774e-01 6.252223400863887726e-01
1.177846445475710935e-01 4.447111179075647347e-01 6.271658648630515920e-01
1.175291922437332881e-01 4.485151786905786087e-01 6.290998229244978424e-01
1.173143715391820052e-01 4.523185984907807655e-01 6.310245521570817528e-01
1.171413617570887244e-01 4.561214789578547646e-01 6.329404512640331992e-01
1.170113845716751200e-01 4.599239189379719650e-01 6.348478810211057866e-01
1.169257027284464623e-01 4.637260142818708242e-01 6.367471659480867796e-01
1.168855458186672802e-01 4.675278666755808277e-01 6.386385756589314511e-01
1.168917351008447736e-01 4.713296291638685021e-01 6.405222210392746973e-01
1.169455672169438798e-01 4.751313962568541327e-01 6.423982986334778600e-01
1.170484808586186587e-01 4.789332457857737313e-01 6.442670027172909819e-01
1.172019529695246254e-01 4.827352514572867404e-01 6.461284981791737270e-01
1.174074972541142847e-01 4.865374826578046652e-01 6.479829213336900651e-01
1.176666502667693126e-01 4.903400057391127942e-01 6.498303770012793246e-01
1.179789600728126941e-01 4.941431250002015774e-01 6.516703417852526270e-01
1.183475480574671668e-01 4.979467136336286903e-01 6.535033004596008110e-01
1.187741045667058404e-01 5.017508164097961298e-01 6.553292869044837765e-01
1.192603531121933791e-01 5.055554724452065996e-01 6.571483100307444758e-01
1.198080490153813626e-01 5.093607148987961963e-01 6.589603541798343400e-01
1.204189781592418518e-01 5.131665706409452854e-01 6.607653794856575002e-01
1.210943501649311138e-01 5.169731324376409809e-01 6.625631258916082622e-01
1.218340166061436525e-01 5.207806530936733846e-01 6.643528384352981320e-01
1.226421657230795659e-01 5.245888624233944197e-01 6.661351358043668958e-01
1.235207544424038462e-01 5.283977525758253302e-01 6.679098937866725372e-01
1.244717680425863893e-01 5.322073072077047051e-01 6.696769660366228560e-01
1.254972197267239520e-01 5.360175009399356094e-01 6.714361843452330003e-01
1.265991504606340801e-01 5.398282987673270750e-01 6.731873589211252451e-01
1.277796290979861804e-01 5.436396554181722740e-01 6.749302786910620355e-01
1.290400613334508895e-01 5.474516010926139264e-01 6.766644448504323117e-01
1.303808501561255495e-01 5.512642879484294101e-01 6.783888982408867729e-01
1.318066200009892774e-01 5.550773309805296929e-01 6.801042860777879451e-01
1.333196114932982124e-01 5.588906308914630694e-01 6.818103297307060995e-01
1.349220959015423604e-01 5.627040741310149752e-01 6.835067320647419953e-01
1.366163764950658610e-01 5.665175319052572211e-01 6.851931780969232610e-01
1.384047901460371266e-01 5.703308591136978523e-01 6.868693357627727591e-01
1.402897091364681270e-01 5.741438932118657634e-01 6.885348568125158053e-01
1.422735431178417664e-01 5.779564529971735753e-01 6.901893778585509454e-01
1.443587411564867806e-01 5.817683373166370187e-01 6.918325215980672960e-01
1.465477937823741195e-01 5.855793236959742076e-01 6.934638982371059690e-01
1.488432349425868051e-01 5.893891668908154413e-01 6.950831071448400067e-01
1.512476437434319976e-01 5.931975973622717335e-01 6.966897387693892219e-01
1.537636458468270850e-01 5.970043196810149722e-01 6.982833768490085413e-01
1.563939143681813693e-01 6.008090108662890172e-01 6.998636009549384918e-01
1.591411701036710979e-01 6.046113186690657004e-01 7.014299894044712103e-01
1.620081808957464231e-01 6.084108598118381783e-01 7.029821225847435739e-01
1.649977599268758199e-01 6.122072182014380859e-01 7.045195867293025938e-01
1.681127627134005875e-01 6.159999431357744415e-01 7.060419781903450875e-01
1.713560825547415234e-01 6.197885475306057490e-01 7.075489082495985960e-01
1.747306441788772369e-01 6.235725061983616868e-01 7.090400085097067207e-01
1.782393953134821241e-01 6.273512542176953311e-01 7.105149369055206998e-01
1.818852959052983387e-01 6.311241854397747764e-01 7.119733843704821874e-01
1.856713047087704960e-01 6.348906511853463774e-01 7.134150821869504888e-01
1.896003629709115679e-01 6.386499591951185772e-01 7.148398100405077837e-01
1.936753749539197322e-01 6.424013729049390387e-01 7.162474047865202698e-01
1.978991850628171179e-01 6.461441111262429260e-01 7.176377699221713202e-01
2.022745513835519926e-01 6.498773482210548069e-01 7.190108857383841201e-01
2.068041154905601031e-01 6.536002148689057378e-01 7.203668201032783491e-01
2.114903691434047994e-01 6.573118021370402131e-01 7.217057155458901363e-01
2.163360053550068551e-01 6.610114630368829625e-01 7.230247125900320926e-01
2.213433385116135854e-01 6.646978523421338547e-01 7.243271814929964636e-01
2.265141988025825559e-01 6.683699378871253982e-01 7.256136933753588592e-01
2.318500760365535540e-01 6.720266610424754372e-01 7.268849731005317949e-01
2.373520667846524823e-01 6.756669437397128108e-01 7.281419110375018100e-01
2.430227574883316866e-01 6.792898396091399116e-01 7.293822071571116616e-01
2.488614117693443428e-01 6.828940574292646781e-01 7.306097738482230097e-01
2.548671846537561292e-01 6.864784729313022638e-01 7.318268651757205978e-01
2.610389555313372134e-01 6.900420272157374857e-01 7.330352026091433437e-01
2.673784363329824165e-01 6.935836754185944475e-01 7.342328737644635561e-01
2.738801550970239029e-01 6.971023800215842003e-01 7.354259111469843013e-01
2.805404320717350686e-01 7.005972575933596680e-01 7.366169950084170415e-01
2.873576505936667469e-01 7.040674112317678590e-01 7.378064463424790498e-01
2.943253477939961060e-01 7.075121584288308618e-01 7.389986201427548584e-01
3.014360889166807222e-01 7.109310077898960412e-01 7.401977916005669789e-01
3.086852820891842764e-01 7.143234221361662861e-01 7.414054646551705430e-01
3.160634322582466793e-01 7.176892561900564127e-01 7.426264482156978985e-01
3.235611246769030114e-01 7.210285273112722049e-01 7.438648310921981421e-01
3.311705834673975835e-01 7.243412655809514655e-01 7.451231993375887486e-01
3.388801571345571029e-01 7.276279572740337320e-01 7.464063050452244275e-01
3.466797074260064560e-01 7.308891348313173442e-01 7.477175357506403719e-01
3.545580017758725999e-01 7.341255940542242842e-01 7.490606495327026826e-01
3.625048243630165645e-01 7.373381942756184193e-01 7.504385816051526437e-01
3.705084230936375733e-01 7.405281180991084566e-01 7.518549288920048923e-01
3.785579412785437525e-01 7.436966233322039876e-01 7.533126164358108223e-01
3.866450799858688891e-01 7.468448137517768037e-01 7.548131772886575996e-01
3.947569676227156710e-01 7.499744910605674608e-01 7.563603750258452996e-01
4.028860617244198195e-01 7.530869490067136907e-01 7.579552624103941261e-01
4.110258916514273886e-01 7.561834318081905870e-01 7.595984665783871437e-01
4.191646066109717683e-01 7.592660311311462129e-01 7.612931095123155467e-01
4.272969686003429968e-01 7.623360467918439687e-01 7.630392775115550918e-01
4.354191555633506461e-01 7.653946237580248058e-01 7.648365692442835595e-01
4.435238020515893664e-01 7.684434966368025588e-01 7.666862065030601858e-01
4.516027162387647453e-01 7.714846331887040831e-01 7.685897431719276307e-01
4.596568659119700251e-01 7.745186079421075842e-01 7.705450171367069778e-01
4.676826650653891915e-01 7.775467228374560724e-01 7.725518972433127463e-01
4.756751531197654370e-01 7.805705555147438579e-01 7.746108528598026899e-01
4.836292328685335984e-01 7.835917687063216341e-01 7.767224216736704490e-01
4.915474515173940406e-01 7.866107048615736952e-01 7.788842982089080325e-01
4.994281375067755602e-01 7.896284275129487051e-01 7.810959171501470344e-01
5.072699790652072105e-01 7.926459423549311323e-01 7.833566504679870812e-01
5.150710009315782045e-01 7.956643879030761424e-01 7.856661694685926900e-01
5.228279982894998845e-01 7.986851595617256994e-01 7.880246125508437727e-01
5.305444552155033078e-01 8.017083493456835797e-01 7.904298323864002995e-01
5.382201742657439780e-01 8.047347343120482277e-01 7.928810685146847614e-01
5.458551509679074876e-01 8.077650427088491902e-01 7.953775509641926034e-01
5.534495487710142658e-01 8.107999564215483401e-01 7.979185068788918755e-01
5.610036761073077249e-01 8.138401135380284313e-01 8.005031662607449139e-01
5.685179655217350581e-01 8.168861109744184335e-01 8.031307668996939819e-01
5.759921855688729941e-01 8.199386771055395817e-01 8.058007980325739839e-01
5.834266391702966903e-01 8.229984145997475409e-01 8.085126128776657373e-01
5.908234351004439944e-01 8.260655023770417937e-01 8.112650544139876629e-01
5.981833118395099014e-01 8.291403999619849641e-01 8.140574379739158317e-01
6.055070542661351585e-01 8.322235389885181966e-01 8.168891014416052032e-01
6.127954835647196896e-01 8.353153253608328610e-01 8.197594066567267523e-01
6.200494483744466434e-01 8.384161412983009987e-01 8.226677404910138769e-01
6.272698170648280946e-01 8.415263472600889028e-01 8.256135156451547275e-01
6.344574710281267738e-01 8.446462837477303198e-01 8.285961712093031784e-01
6.416132988851839247e-01 8.477762729861293423e-01 8.316151730263999786e-01
6.487381915077833350e-01 8.509166204851861259e-01 8.346700138936784530e-01
6.558330377675760658e-01 8.540676164855989239e-01 8.377602136342192640e-01
6.628987209282274362e-01 8.572295372934602975e-01 8.408853190672080924e-01
6.699361156041222509e-01 8.604026465090578446e-01 8.440449039027234646e-01
6.769460852150506192e-01 8.635871961559162813e-01 8.472385685843423220e-01
6.839294798721666790e-01 8.667834277165419321e-01 8.504659401007084174e-01
6.908871346358433918e-01 8.699915730816958348e-01 8.537266717853940756e-01
6.978198680906784190e-01 8.732118554202826788e-01 8.570204431228822806e-01
7.047284811872859267e-01 8.764444899771486330e-01 8.603469595773962642e-01
7.116137563038902325e-01 8.796896848063417984e-01 8.637059524604894234e-01
7.184764564837784473e-01 8.829476414475837531e-01 8.670971788528507584e-01
7.253173248068568446e-01 8.862185555540482707e-01 8.705204215957158542e-01
7.321370838550668170e-01 8.895026174799001151e-01 8.739754893675208969e-01
7.389364352321228235e-01 8.928000128365783938e-01 8.774622168621269980e-01
7.457160590978966219e-01 8.961109230274866277e-01 8.809804650860495467e-01
7.524766136766376512e-01 8.994355257716510899e-01 8.845301217936964999e-01
7.592187346960842520e-01 9.027739956280462774e-01 8.881111020817706869e-01
7.659430347109581483e-01 9.061265045338209312e-01 8.917233491667203582e-01
7.726501022595044788e-01 9.094932223715265218e-01 8.953668353726300655e-01
7.793405007950418018e-01 9.128743175828955003e-01 8.990415633612909296e-01
7.860147673256655532e-01 9.162699578497980335e-01 9.027475676415912531e-01
7.926734106839777860e-01 9.196803108668463178e-01 9.064849164020494232e-01
7.993169093342241682e-01 9.231055452350174217e-01 9.102537137185267024e-01
8.059457086058415820e-01 9.265458315117860444e-01 9.140541021993145998e-01
8.125602526069526377e-01 9.300013322753435396e-01 9.178862607611055768e-01
8.191618149410920813e-01 9.334719371966088142e-01 9.217502875355439995e-01
8.257500551498115904e-01 9.369580368100693946e-01 9.256465724481217627e-01
8.323252830318680351e-01 9.404598093770329958e-01 9.295754511307972034e-01
8.388877503347742515e-01 9.439774430786567194e-01 9.335373221018143930e-01
8.454376402960822601e-01 9.475111393275842397e-01 9.375326547045466086e-01
8.519750545860330648e-01 9.510611168922492586e-01 9.415619986057153223e-01
8.584999970074658204e-01 9.546276170456432508e-01 9.456259951903772665e-01
8.650123531383573372e-01 9.582109100069976515e-01 9.497253912770057260e-01
8.715118648832087533e-01 9.618113030175919898e-01 9.538610556868328816e-01
8.780002489542149124e-01 9.654284170938977061e-01 9.580338350864286978e-01
8.844782041144785278e-01 9.690621860695559642e-01 9.622448857485225160e-01
8.909422476179126305e-01 9.727139608641995894e-01 9.664958472166446102e-01
8.973911928490400092e-01 9.763842989506924530e-01 9.707883784135330485e-01
9.038239067530883242e-01 9.800737153779840449e-01 9.751244202259227167e-01
9.102473059645346254e-01 9.837798306123791692e-01 9.795061912266199711e-01
9.166503176888703974e-01 9.875065624072157933e-01 9.839369007356902896e-01
9.230313657767252877e-01 9.912544481370421101e-01 9.884200327395086250e-01
9.293962514317395396e-01 9.950212314079626141e-01 9.929603914152930200e-01
9.357270713408916141e-01 9.988131652109172309e-01 9.975632056153070915e-01
