8.759481919983605480e-02 1.338383390575079435e-01 1.264127581963946367e-01
8.915164616593676539e-02 1.372120888184105714e-01 1.293799492661317496e-01
9.068815351277786929e-02 1.405792682912833935e-01 1.323370269812061684e-01
9.218939323087663174e-02 1.439441962917239470e-01 1.352843730104223430e-01
9.365604487231649067e-02 1.473070121582921999e-01 1.382222284212209218e-01
9.510173403615476695e-02 1.506645407739207465e-01 1.411508140808147849e-01
9.649892594954226355e-02 1.540241166855032262e-01 1.440703734812966430e-01
9.787797561494757104e-02 1.573783063377726665e-01 1.469811141556570389e-01
9.921683519065832568e-02 1.607329441325486552e-01 1.498832003681783709e-01
1.005273676939016925e-01 1.640853084176910615e-01 1.527768357415907052e-01
1.018094517540733268e-01 1.674356916766707726e-01 1.556621970845046832e-01
1.030515892971489988e-01 1.707871210921533822e-01 1.585393515109378981e-01
1.042761263409638928e-01 1.741344069140761952e-01 1.614086196439190324e-01
1.054499028130301830e-01 1.774857127048304339e-01 1.642698114107992435e-01
1.066080842931766415e-01 1.808328401194827795e-01 1.671234061094449830e-01
1.077212839817893453e-01 1.841829210735480282e-01 1.699691547857932472e-01
1.088116625713879959e-01 1.875309292326682031e-01 1.728074388464397038e-01
1.098644466165929201e-01 1.908804630947656400e-01 1.756381207683399004e-01
1.108869117947375582e-01 1.942299928993649338e-01 1.784613797962318338e-01
1.118778661564776566e-01 1.975799425711804447e-01 1.812772563403662329e-01
1.128322645605859820e-01 2.009315741169162561e-01 1.840856891025955122e-01
1.137598026383936645e-01 2.042828565146751485e-01 1.868869224223739800e-01
1.146459500068757742e-01 2.076371126445248905e-01 1.896806441630533024e-01
1.155083236101021871e-01 2.109906001370716599e-01 1.924672982885166084e-01
1.163260166327477474e-01 2.143479494872502222e-01 1.952463433855645691e-01
1.171213274580679975e-01 2.177044707103141241e-01 1.980183845635369311e-01
1.178703557049381734e-01 2.210653303359179644e-01 2.007827086367788838e-01
1.185965675904767647e-01 2.244256704539862590e-01 2.035400050260511295e-01
1.192767256753624605e-01 2.277904081094768718e-01 2.062894865927556443e-01
1.199316778921435400e-01 2.311553085900565074e-01 2.090318074204378096e-01
1.205427780162752482e-01 2.345242447306322697e-01 2.117662491842361439e-01
1.211241998529857811e-01 2.378944026913647480e-01 2.144932634647655489e-01
1.216660848681418716e-01 2.412678122539658743e-01 2.172123933164463727e-01
1.221716117635244514e-01 2.446438794406890493e-01 2.199236682334187454e-01
1.226441688904144622e-01 2.480219934574535712e-01 2.226271400368086129e-01
1.230713603683857016e-01 2.514045749105127125e-01 2.253221390892841680e-01
1.234745357060786364e-01 2.547875820025961580e-01 2.280095333218625786e-01
1.238208953715091432e-01 2.581772344692236931e-01 2.306876143406495494e-01
1.241462299085249466e-01 2.615668438252987671e-01 2.333579974090739251e-01
1.244177071944389534e-01 2.649625124168381030e-01 2.360188518015461923e-01
1.246578455003543584e-01 2.683601047274824514e-01 2.386711804778225421e-01
1.248593684020961603e-01 2.717609714518925412e-01 2.413144274404403489e-01
1.250117325879940844e-01 2.751669747329628102e-01 2.439477782892146562e-01
1.251382138587760762e-01 2.785740138496964335e-01 2.465724048392080592e-01
1.252056289339738837e-01 2.819878680478419275e-01 2.491860712380581933e-01
1.252398598212718650e-01 2.854040277330935904e-01 2.517901303852477790e-01
1.252374833530314202e-01 2.888231041003926913e-01 2.543841552167515063e-01
1.251770084390605442e-01 2.922486643410205365e-01 2.569664298610730979e-01
1.250855134509297750e-01 2.956761703938869390e-01 2.595385167037050356e-01
1.249480113988219177e-01 2.991080855042635434e-01 2.620991009720627929e-01
1.247576049229170703e-01 3.025454605538324127e-01 2.646473439743089462e-01
1.245329701421158397e-01 3.059852777314495675e-01 2.671843177901419009e-01
1.242602223037836962e-01 3.094297137689822064e-01 2.697086474006427648e-01
1.239328531328675875e-01 3.128797025635843276e-01 2.722194309654674682e-01
1.235681746612228571e-01 3.163325389005036681e-01 2.747176931919501630e-01
1.231610490430655735e-01 3.197889946756968249e-01 2.772026636731846905e-01
1.226904309256137415e-01 3.232521248850314111e-01 2.796721127317334799e-01
1.221797115190280669e-01 3.267184028649553484e-01 2.821276245138871208e-01
1.216276615872093625e-01 3.301879968082935823e-01 2.845686952674765791e-01
1.210213311228760802e-01 3.336627045184512030e-01 2.869936854023926176e-01
1.203599468501673209e-01 3.371425375722572060e-01 2.894020045209728664e-01
1.196551047815611613e-01 3.406258246037331405e-01 2.917942648397582883e-01
1.189058218932230182e-01 3.441126731098714808e-01 2.941698895130174241e-01
1.181063555882339577e-01 3.476038087538383392e-01 2.965277816517187248e-01
1.172468069067136853e-01 3.511004470855038639e-01 2.988663332044504961e-01
1.163418052456561824e-01 3.546006032195326840e-01 3.011864819910382018e-01
1.153908060766943022e-01 3.581043149431548667e-01 3.034876018652789553e-01
1.143934011853807442e-01 3.616116004850896126e-01 3.057690564106315678e-01
1.133493370531526989e-01 3.651224578903084494e-01 3.080302016724596470e-01
1.122469759187085248e-01 3.686382359804825648e-01 3.102690311351983810e-01
1.110976930943151364e-01 3.721575056338599641e-01 3.124861640814544650e-01
1.099034797937273600e-01 3.756800100621390803e-01 3.146811541255482014e-01
1.086648774610167456e-01 3.792056745753345504e-01 3.168533667577376201e-01
1.073826704067971927e-01 3.827344048182808600e-01 3.190021756436351441e-01
1.060579059098537558e-01 3.862660872164759285e-01 3.211269663766722626e-01
1.046919143067878977e-01 3.898005896351350863e-01 3.232271403000275822e-01
1.032863289630291670e-01 3.933377622502195470e-01 3.253021183474343880e-01
1.018431060228061624e-01 3.968774386254239062e-01 3.273513448486327082e-01
1.003623533460971662e-01 4.004196561421178302e-01 3.293739884582153610e-01
9.884797887811277994e-02 4.039640836185129369e-01 3.313697117253218694e-01
9.730486064854690365e-02 4.075103310111403698e-01 3.333383069370579044e-01
9.573636248856029485e-02 4.110581921957975338e-01 3.352793429068725573e-01
9.414625946936236445e-02 4.146074520112748574e-01 3.371924271523776828e-01
9.253875507397568700e-02 4.181578880642333740e-01 3.390772084457059909e-01
9.091849722205530560e-02 4.217092725924904695e-01 3.409333789872209808e-01
8.929059283167675720e-02 4.252613743558669723e-01 3.427606761673898661e-01
8.766062050810638495e-02 4.288139605232354490e-01 3.445588838898375750e-01
8.603464083161532772e-02 4.323667985248327295e-01 3.463278334376420631e-01
8.441920357415685916e-02 4.359196578401660638e-01 3.480674038744436261e-01
8.282135100965828944e-02 4.394723116939309171e-01 3.497775219815977277e-01
8.124616289955613468e-02 4.430247306180852829e-01 3.514577545069620390e-01
7.970400340934796768e-02 4.465765086379367976e-01 3.531084986316266328e-01
7.820344879642499025e-02 4.501274322299105290e-01 3.547298336933304430e-01
7.675347858323425254e-02 4.536773006139450115e-01 3.563218759268214630e-01
7.536347443194349460e-02 4.572259238968828243e-01 3.578847819040322786e-01
7.404317230301921127e-02 4.607731237661858992e-01 3.594187460919768817e-01
7.280260067537161484e-02 4.643187339915019751e-01 3.609239981979694978e-01
7.165200350291067721e-02 4.678626007386408880e-01 3.624008003530268529e-01
7.060174704957489222e-02 4.714045827036690839e-01 3.638494441840391391e-01
6.966221044011258745e-02 4.749445510774704116e-01 3.652702478238941675e-01
6.884366069212555228e-02 4.784823893532377803e-01 3.666635529062705068e-01
6.815409385505447060e-02 4.820181270651749394e-01 3.680293089547085339e-01
6.760480155281164971e-02 4.855515581371300793e-01 3.693682138999572206e-01
6.720545567277300125e-02 4.890825609535083829e-01 3.706807842580827073e-01
6.696439469024795255e-02 4.926110657128100478e-01 3.719674243337886543e-01
6.688909507113965924e-02 4.961370121771289665e-01 3.732285471869913329e-01
6.698603716422354970e-02 4.996603488061057141e-01 3.744645723731533371e-01
6.726059198067102507e-02 5.031810318443615815e-01 3.756759238833607961e-01
6.771637572566083230e-02 5.066990615664129782e-01 3.768628845237877445e-01
6.835572016305521692e-02 5.102144479914704212e-01 3.780257036773810864e-01
6.918161472323586247e-02 5.137270777859588300e-01 3.791651366311625249e-01
7.019444545025149695e-02 5.172369307751438772e-01 3.802816020018653931e-01
7.139340317806008862e-02 5.207439895487253612e-01 3.813755154140610615e-01
7.277656774514021376e-02 5.242482384759911129e-01 3.824472888108959578e-01
7.434101779442925384e-02 5.277496627372598725e-01 3.834973299729728669e-01
7.608176018147061459e-02 5.312483376159669035e-01 3.845256041624067200e-01
7.799535238161758866e-02 5.347441709507825269e-01 3.855328479836556688e-01
8.007688081415309522e-02 5.382371307661208970e-01 3.865195192757641673e-01
8.232078598797967772e-02 5.417271973317295819e-01 3.874859998037977760e-01
8.472120936162266802e-02 5.452143470037110751e-01 3.884326676210462237e-01
8.727208144606554696e-02 5.486985548931634371e-01 3.893598775711603621e-01
8.996612800605000015e-02 5.521798967589739426e-01 3.902673470498686514e-01
9.279860057446101540e-02 5.556582224539831083e-01 3.911560514741685979e-01
9.576358529172093736e-02 5.591334848060783846e-01 3.920263535365076657e-01
9.885536575583017682e-02 5.626056284798001128e-01 3.928786173524234648e-01
1.020684770141881414e-01 5.660745891988019363e-01 3.937132100136320756e-01
1.053968748095941432e-01 5.695403947803560074e-01 3.945297733204342627e-01
1.088363536609483762e-01 5.730028989730332478e-01 3.953290572005024317e-01
1.123827389698043300e-01 5.764619698062912745e-01 3.961116861051934834e-01
1.160318863836689030e-01 5.799174987842178330e-01 3.968780491396465826e-01
1.197800086113824103e-01 5.833693643391011374e-01 3.976285491395585847e-01
1.236227407503277254e-01 5.868175844121934492e-01 3.983622422155966292e-01
1.275580458466869516e-01 5.902618645463149072e-01 3.990807107943925569e-01
1.315832511188305132e-01 5.937020299305689752e-01 3.997844718312457135e-01
1.356959640279178925e-01 5.971378965776069636e-01 4.004740052385155624e-01
1.398936687612833685e-01 6.005693779429555068e-01 4.011485617597929099e-01
1.441749957892944356e-01 6.039961966261837567e-01 4.018091189734728230e-01
1.485387555334692355e-01 6.074180488500352526e-01 4.024568919182361371e-01
1.529837589179761370e-01 6.108346715707957397e-01 4.030925046947158030e-01
1.575089477414911010e-01 6.142459211563224830e-01 4.037146075354248742e-01
1.621140275279444043e-01 6.176513723120754529e-01 4.043252429171365625e-01
1.667986276406182578e-01 6.210506524737949841e-01 4.049256966583839046e-01
1.715626604424492219e-01 6.244434561478588996e-01 4.055157887498363478e-01
1.764065163898893007e-01 6.278294340960738351e-01 4.060952737745266439e-01
1.813302470388016285e-01 6.312080497679550817e-01 4.066671856760218917e-01
1.863344506902228359e-01 6.345788829803360453e-01 4.072318603495819200e-01
1.914206046906562486e-01 6.379415069264980920e-01 4.077882502584740387e-01
1.965886646525741299e-01 6.412952899789226002e-01 4.083405850713591745e-01
2.018402170694769682e-01 6.446397126669269895e-01 4.088886945741424528e-01
2.071770466203938788e-01 6.479741731939993032e-01 4.094330739865950641e-01
2.125990317112831929e-01 6.512979963291117835e-01 4.099781897603631542e-01
2.181097750971786042e-01 6.546105102618612337e-01 4.105220876668027041e-01
2.237090193586111497e-01 6.579109819837362094e-01 4.110698320885144974e-01
2.293990377511709311e-01 6.611986422143698583e-01 4.116225284252607586e-01
2.351819406653648525e-01 6.644726625597192626e-01 4.121820617543670018e-01
2.410577972429628901e-01 6.677322527458225965e-01 4.127530548799548948e-01
2.470304881611638526e-01 6.709764327106365611e-01 4.133358038628481279e-01
2.530983903223156806e-01 6.742044433848233265e-01 4.139369920975176642e-01
2.592658700712981990e-01 6.774151822994353145e-01 4.145570570318186654e-01
2.655306129694046113e-01 6.806079128016162549e-01 4.152032447732688647e-01
2.718956600809300239e-01 6.837815376134731560e-01 4.158777339242785698e-01
2.783592466128387843e-01 6.869352804590241890e-01 4.165870423658923904e-01
2.849211108891021027e-01 6.900682628059159329e-01 4.173362256985247432e-01
2.915811034363785526e-01 6.931795884331095614e-01 4.181302536409106652e-01
2.983345627465360805e-01 6.962687993695988453e-01 4.189770835982297714e-01
3.051818707795437846e-01 6.993349902604767410e-01 4.198809338965863724e-01
3.121162838420238894e-01 7.023780141013251654e-01 4.208503319512861274e-01
3.191332931750175961e-01 7.053975858609782268e-01 4.218917666798250865e-01
3.262280995382772497e-01 7.083935262127940558e-01 4.230114377792935643e-01
3.333919940965619499e-01 7.113662231931014990e-01 4.242169499972707758e-01
3.406176970854783992e-01 7.143160317388436154e-01 4.255143600372185420e-01
3.478959117059803319e-01 7.172437048051252262e-01 4.269098604373171013e-01
3.552174647493416271e-01 7.201501416906523900e-01 4.284086907171036351e-01
3.625722635292680240e-01 7.230365366183232334e-01 4.300155512284307147e-01
3.699491139769738868e-01 7.259044286050889694e-01 4.317345497363413442e-01
3.773402616691926559e-01 7.287550201101997693e-01 4.335677618913762466e-01
3.847329162889976950e-01 7.315904546011552378e-01 4.355179390447110888e-01
3.921196331713414640e-01 7.344122194048351426e-01 4.375854102214788988e-01
3.994930643614840737e-01 7.372219097997535497e-01 4.397699077272967383e-01
4.068408070241311125e-01 7.400221282939822842e-01 4.420714977911596177e-01
4.141637874255178486e-01 7.428132980481529923e-01 4.444871216935728508e-01
4.214454270235073463e-01 7.455990356302651945e-01 4.470162360637633392e-01
4.286933024750379517e-01 7.483786833230031688e-01 4.496543336899265220e-01
4.358900498948476421e-01 7.511562543531677960e-01 4.523997697026267972e-01
4.430452290740850563e-01 7.539307310413563279e-01 4.552479097192952406e-01
4.501462401052063744e-01 7.567053941124810557e-01 4.581958514216931122e-01
4.571977734190645903e-01 7.594801585328744276e-01 4.612395085091199332e-01
4.641988529734983326e-01 7.622560394700762521e-01 4.643752601857129014e-01
4.711414263771989686e-01 7.650355797185761642e-01 4.675992345897050373e-01
4.780344818132151175e-01 7.678177067098207464e-01 4.709079553304177934e-01
4.848760004191024486e-01 7.706036465331144170e-01 4.742979309853606051e-01
4.916592268852406078e-01 7.733957270406308648e-01 4.777650859228676494e-01
4.983931732790267133e-01 7.761927219815306644e-01 4.813067910000605187e-01
5.050782253511983955e-01 7.789952829937099033e-01 4.849199979911385516e-01
5.117135837532903464e-01 7.818043313313657316e-01 4.886015512121643645e-01
5.182958702089678349e-01 7.846214211690981655e-01 4.923478050282180107e-01
5.248321508838568183e-01 7.874455662071356832e-01 4.961570325536421300e-01
5.313233903013111492e-01 7.902771968365936983e-01 5.000267467511265718e-01
5.377706340350382197e-01 7.931167016119975433e-01 5.039545952640772652e-01
5.441749909332477264e-01 7.959644308592663808e-01 5.079383597470472633e-01
5.505376172666238688e-01 7.988207001840966770e-01 5.119759538462775872e-01
5.568572007746912522e-01 8.016864602546996954e-01 5.160646636567658430e-01
5.631373389531040274e-01 8.045613502585129417e-01 5.202032807974877882e-01
5.693798869307515886e-01 8.074454287408807662e-01 5.243903032114314300e-01
5.755860313293462704e-01 8.103389084834181633e-01 5.286241514013814147e-01
5.817569505005414365e-01 8.132419836567736926e-01 5.329033522877347773e-01
5.878938081670700422e-01 8.161548321696537878e-01 5.372265338263534362e-01
5.939977480572558033e-01 8.190776178402154883e-01 5.415924195580884559e-01
6.000698894257351368e-01 8.220104923947630926e-01 5.459998231682761105e-01
6.061113233605415207e-01 8.249535973003485623e-01 5.504476431192247832e-01
6.121231097845347691e-01 8.279070654390107142e-01 5.549348574054854266e-01
6.181062750667704053e-01 8.308710226322159054e-01 5.594605184704156686e-01
6.240618101670253326e-01 8.338455890244849122e-01 5.640237483129789675e-01
6.299906692440471190e-01 8.368308803354196357e-01 5.686237338056956414e-01
6.358937686649491772e-01 8.398270089893399293e-01 5.732597222380046986e-01
6.417719863597740604e-01 8.428340851315955229e-01 5.779310170938435354e-01
6.476261614712248704e-01 8.458522175403406784e-01 5.826369740678017939e-01
6.534570942552222483e-01 8.488815144422041659e-01 5.873769973206889317e-01
6.592655461929750604e-01 8.519220842398834703e-01 5.921505359725682816e-01
6.650516331222977584e-01 8.549742360819112541e-01 5.969566924101822325e-01
6.708158462749964634e-01 8.580381512088526286e-01 6.017948333172316033e-01
6.765596872288112129e-01 8.611136632586890993e-01 6.066650564222973996e-01
6.822837866093063308e-01 8.642008797811030485e-01 6.115669764975822931e-01
6.879887374533546485e-01 8.672999113096518942e-01 6.165002395932814849e-01
6.936750960119865139e-01 8.704108717206724410e-01 6.214645207433259211e-01
6.993433825977339868e-01 8.735338785457480437e-01 6.264595218664681386e-01
7.049940824621152569e-01 8.766690532425075455e-01 6.314849698538173017e-01
7.106276466909229317e-01 8.798165214281166158e-01 6.365406148342342973e-01
7.162444931065882203e-01 8.829764130794491850e-01 6.416262286094591705e-01
7.218437818197692701e-01 8.861493080431744884e-01 6.467405709189539831e-01
7.274272330205140413e-01 8.893348570302924694e-01 6.518845531697257112e-01
7.329952229224012683e-01 8.925331830513163478e-01 6.570580591420714933e-01
7.385480520491831680e-01 8.957444304366091181e-01 6.622609528334009177e-01
7.440859906345084207e-01 8.989687488884837707e-01 6.674931141710291893e-01
7.496092794078519361e-01 9.022062935648957893e-01 6.727544382635268772e-01
7.551181303364035147e-01 9.054572251517011283e-01 6.780448347782342955e-01
7.606121920274659942e-01 9.087219178802949937e-01 6.833636888852326896e-01
7.660921713110387943e-01 9.120003338061432041e-01 6.887114646070561230e-01
7.715584077258413886e-01 9.152925673376547389e-01 6.940883349215265508e-01
7.770110029593275680e-01 9.185987999908521440e-01 6.994942792546134935e-01
7.824500314172364579e-01 9.219192196021898100e-01 7.049292895138845605e-01
7.878755405680694102e-01 9.252540204119412692e-01 7.103933700485004499e-01
7.932875215659678236e-01 9.286034153597378937e-01 7.158865029665641977e-01
7.986859984385911160e-01 9.319675997763667841e-01 7.214087508037562158e-01
8.040711524709879265e-01 9.353466980448753576e-01 7.269604195524183021e-01
8.094429162101096642e-01 9.387409320479668251e-01 7.325415749875722193e-01
8.148011940115252871e-01 9.421505313616982402e-01 7.381522950749648260e-01
8.201458616819782277e-01 9.455757334943365455e-01 7.437926702573192106e-01
8.254767659685756653e-01 9.490167841653284198e-01 7.494628037842109292e-01
8.307940515358830380e-01 9.524737924669707256e-01 7.551632766740670188e-01
8.360974323510497186e-01 9.559470490897249428e-01 7.608941543206746427e-01
8.413865609114115074e-01 9.594368687333191259e-01 7.666554628312042263e-01
8.466611416536976575e-01 9.629435388976913535e-01 7.724473593033135410e-01
8.519208429145221917e-01 9.664673584177058130e-01 7.782700126691254328e-01
8.571652950794348413e-01 9.700086382120877149e-01 7.841236035701962814e-01
8.623940884288787689e-01 9.735677021479119952e-01 7.900083240638399174e-01
