9.317630180115785143e-02 1.111733294776027225e-01 2.615123885530547532e-01
9.501858813005747972e-02 1.140478258693140567e-01 2.672617433450045765e-01
9.696374115210737443e-02 1.168593518515572693e-01 2.730732297171978296e-01
9.894607667484428548e-02 1.196284294219216171e-01 2.789579638881743984e-01
1.009530825335634430e-01 1.223718188076429458e-01 2.848636796209496058e-01
1.029628185107009375e-01 1.250916325229042281e-01 2.908155651329764058e-01
1.049691869926770438e-01 1.277927731431313385e-01 2.968030227756606743e-01
1.069679104656429125e-01 1.304785740120891768e-01 3.028195364215786056e-01
1.089564554372367267e-01 1.331517699935270138e-01 3.088586005609499363e-01
1.109293006210979315e-01 1.358123017918741182e-01 3.149299292700664110e-01
1.128843501895600288e-01 1.384614066025932344e-01 3.210325696536393547e-01
1.148198322301335339e-01 1.411000621149841594e-01 3.271661357893485556e-01
1.167342206401410509e-01 1.437290750166520803e-01 3.333305419574394413e-01
1.186261772878552945e-01 1.463491379727427932e-01 3.395258438612329122e-01
1.204956919358897149e-01 1.489615485103018555e-01 3.457476328573247382e-01
1.223406147520504916e-01 1.515662419611563949e-01 3.520001754809331529e-01
1.241597360721565235e-01 1.541636244043982917e-01 3.582843392165452889e-01
1.259520434619241513e-01 1.567541596735710363e-01 3.646004021777733417e-01
1.277165784067355037e-01 1.593383042220185286e-01 3.709485324543411178e-01
1.294524192627257708e-01 1.619165112743648216e-01 3.773287978191176006e-01
1.311586667862608413e-01 1.644892336571110447e-01 3.837411767933506246e-01
1.328344315599948589e-01 1.670569257710504962e-01 3.901855700672067218e-01
1.344794678183527104e-01 1.696203757613094221e-01 3.966596123535073293e-01
1.360922443816861283e-01 1.721797102259299828e-01 4.031652996913698828e-01
1.376713493430271884e-01 1.747351536310400022e-01 4.097039782192857804e-01
1.392158008579738038e-01 1.772871782691417264e-01 4.162753532118551592e-01
1.407245798578393992e-01 1.798362656199940235e-01 4.228790866020578076e-01
1.421966208314953406e-01 1.823829068998103209e-01 4.295148061679192608e-01
1.436307208121321011e-01 1.849275667827783853e-01 4.361823635802036248e-01
1.450252659162686864e-01 1.874705720547065746e-01 4.428826084516898076e-01
1.463789352587084869e-01 1.900124392092761572e-01 4.496151905541312943e-01
1.476903704293989761e-01 1.925537217695347803e-01 4.563795963033206449e-01
1.489581180654367121e-01 1.950949903641182037e-01 4.631752972495834508e-01
1.501806179448750833e-01 1.976368345835717855e-01 4.700017527722545885e-01
1.513559283866893201e-01 2.001797642263098420e-01 4.768591163327962623e-01
1.524808899862941935e-01 2.027239195451339682e-01 4.837503165511549130e-01
1.535546196639522853e-01 2.052704104776194027e-01 4.906717029589349743e-01
1.545750043083159997e-01 2.078199545847923546e-01 4.976225443017172068e-01
1.555397522622066764e-01 2.103733061779027302e-01 5.046020769544548035e-01
1.564463739875174564e-01 2.129312613851445657e-01 5.116094966045768855e-01
1.572921607996277948e-01 2.154946640510091993e-01 5.186439471523015543e-01
1.580741614658548733e-01 2.180644125901097796e-01 5.257045063538710039e-01
1.587882493662269856e-01 2.206412066438901975e-01 5.327921463387775836e-01
1.594301015012788703e-01 2.232258921626094628e-01 5.399072813171862384e-01
1.599974636274908157e-01 2.258200684743525422e-01 5.470450632239828304e-01
1.604862225925416941e-01 2.284249743154910806e-01 5.542038625320602208e-01
1.608918820709739905e-01 2.310419557886649322e-01 5.613818331850775056e-01
1.612095239530819402e-01 2.336724815177216308e-01 5.685768649582433332e-01
1.614337664373805548e-01 2.363181597977759285e-01 5.757865268050706975e-01
1.615587187917063294e-01 2.389807578945141731e-01 5.830079998533344021e-01
1.615779328590415675e-01 2.416622236128341261e-01 5.902379986007498802e-01
1.614843515424015941e-01 2.443647091961510531e-01 5.974726787797394190e-01
1.612702547236006256e-01 2.470905975246580066e-01 6.047075303345610386e-01
1.609272033714185257e-01 2.498425304414708115e-01 6.119372540162558716e-01
1.604459829979532626e-01 2.526234388349364313e-01 6.191556202963699462e-01
1.598165481539343680e-01 2.554365738255587326e-01 6.263553096892430228e-01
1.590232326084050629e-01 2.582851021013675141e-01 6.335334877993556990e-01
1.580518439266690167e-01 2.611730400927493867e-01 6.406817304994695261e-01
1.568933777383834938e-01 2.641053343298319644e-01 6.477826691390206060e-01
1.555336216880136568e-01 2.670869295852292824e-01 6.548223491767108939e-01
1.539573991850929080e-01 2.701232282155687781e-01 6.617845554153590770e-01
1.521288365576778101e-01 2.732197393118489526e-01 6.686673116270586137e-01
1.500408692440131364e-01 2.763836239336897038e-01 6.754372335771335889e-01
1.476810151574698970e-01 2.796218504521478243e-01 6.820643798537177060e-01
1.449954484235024821e-01 2.829423865623229006e-01 6.885428949000539367e-01
1.419958482868194649e-01 2.863526174883345154e-01 6.948176531289192992e-01
1.386318581613984469e-01 2.898614030621312621e-01 7.008694206689468631e-01
1.349136010257434015e-01 2.934748577355217325e-01 7.066436248579205381e-01
1.307933788798367747e-01 2.972014578623181635e-01 7.121119315301567276e-01
1.262961481081496529e-01 3.010436305816278635e-01 7.172184890592745443e-01
1.214242947062761924e-01 3.050029822535034185e-01 7.219240286880270752e-01
1.161883052093531377e-01 3.090782418059268566e-01 7.261942620679912030e-01
1.106419746066444609e-01 3.132610679084348870e-01 7.299996271873628872e-01
1.048387358534921543e-01 3.175402540005555774e-01 7.333274977307560061e-01
9.884411895573153028e-02 3.219011095275952639e-01 7.361798580638875267e-01
9.274007713513524043e-02 3.263256554033586165e-01 7.385734595757065257e-01
8.660744634314623824e-02 3.307957154830331592e-01 7.405376315783385177e-01
8.051960275392242017e-02 3.352947596145622322e-01 7.421090742549658614e-01
7.455573958886335673e-02 3.398070028742622983e-01 7.433293722194997954e-01
6.880939413887207645e-02 3.443168604976040159e-01 7.442445701717250728e-01
6.332520246607625802e-02 3.488172071269492469e-01 7.448903340102075443e-01
5.820686482336006468e-02 3.532958400111249064e-01 7.453108504864144335e-01
5.350594143764920291e-02 3.577492368997003958e-01 7.455350646009121229e-01
4.931798688579085849e-02 3.621703225612644128e-01 7.455980071183222480e-01
4.569545626770384755e-02 3.665585989263234756e-01 7.455196894255065043e-01
4.274431171206526797e-02 3.709077805494934710e-01 7.453328096436075967e-01
4.048845340571795987e-02 3.752211902449197334e-01 7.450452974622691071e-01
3.899320356189694969e-02 3.794948832467176514e-01 7.446826023253252380e-01
3.830250892577612143e-02 3.837294355313530247e-01 7.442575005381851794e-01
3.837933307476529277e-02 3.879267765181470540e-01 7.437772185263595848e-01
3.920747293860947502e-02 3.920865310279094684e-01 7.432549134658699153e-01
4.077159954139356751e-02 3.962074593161631908e-01 7.427064957340315798e-01
4.296192525559575787e-02 4.002929638042611593e-01 7.421315135829814613e-01
4.571433776068051930e-02 4.043438378859837701e-01 7.415372034887619535e-01
4.895175614160279104e-02 4.083609928478795226e-01 7.409298065652845100e-01
5.260076715103779305e-02 4.123450868216528287e-01 7.403160517517981543e-01
5.659405095379339140e-02 4.162965899829483840e-01 7.397031190925722477e-01
6.086503648025353569e-02 4.202177751003102757e-01 7.390902419722693573e-01
6.536138208173764008e-02 4.241097053969287156e-01 7.384808658628811973e-01
7.003877584384313182e-02 4.279734477710327445e-01 7.378779540018052252e-01
7.486024284980460908e-02 4.318100620544605417e-01 7.372840510248430679e-01
7.979525036359996770e-02 4.356205926844952114e-01 7.367013382792297893e-01
8.481877472510382376e-02 4.394060623394103748e-01 7.361316818039406185e-01
8.991042103955640408e-02 4.431674671623156425e-01 7.355766738791317261e-01
9.505363847019179802e-02 4.469057732615737133e-01 7.350376689582203138e-01
1.002350448176985431e-01 4.506219142302381742e-01 7.345158147092684109e-01
1.054438755467402289e-01 4.543167341802538117e-01 7.340123935689331081e-01
1.106714371283591403e-01 4.579910914854143367e-01 7.335282785615193646e-01
1.159107937554456624e-01 4.616459179873500518e-01 7.330635517870797147e-01
1.211564872809922921e-01 4.652819970112524461e-01 7.326188030335584189e-01
1.264042177265715106e-01 4.689000774193345378e-01 7.321945139603885933e-01
1.316506368430859497e-01 4.725008737872066766e-01 7.317910708646370166e-01
1.368931804273394448e-01 4.760850667353015431e-01 7.314087757487265362e-01
1.421299320902131014e-01 4.796533033673981428e-01 7.310478559256057274e-01
1.473595124954019953e-01 4.832061977777044048e-01 7.307084723665535630e-01
1.525809892105012000e-01 4.867443315956628269e-01 7.303907269701559457e-01
1.577938032437607163e-01 4.902682545439345785e-01 7.300946689079050866e-01
1.629977091009679191e-01 4.937784849901966644e-01 7.298203001819836278e-01
1.681927258130108405e-01 4.972755104775687385e-01 7.295675805136693226e-01
1.733790968803528842e-01 5.007597882219771979e-01 7.293364316661207214e-01
1.785572574777520849e-01 5.042317455676067484e-01 7.291267412927565639e-01
1.837278075803276678e-01 5.076917803939487994e-01 7.289383663917879952e-01
1.888914899255199620e-01 5.111402614699731561e-01 7.287711364383691048e-01
1.940491719281252081e-01 5.145775287526456188e-01 7.286248562582233745e-01
1.992018308269778992e-01 5.180038936285303874e-01 7.284993087001609968e-01
2.043505414706680012e-01 5.214196390985886831e-01 7.283942571595284354e-01
2.094964662523540744e-01 5.248250199075793487e-01 7.283094480001869320e-01
2.146408467851843582e-01 5.282202626207510576e-01 7.282446129188722139e-01
2.197849969746525356e-01 5.316055656518284822e-01 7.281994712927616353e-01
2.249302971951107621e-01 5.349810992476655702e-01 7.281737325484802792e-01
2.300781893176705450e-01 5.383470054364718482e-01 7.281670985886296021e-01
2.352301723675718215e-01 5.417033979481625794e-01 7.281792663100381535e-01
2.403877986126771171e-01 5.450503621172635427e-01 7.282099302461568779e-01
2.455526699022390624e-01 5.483879547808855337e-01 7.282587853643347486e-01
2.507264340877655706e-01 5.517162041866352507e-01 7.283255300468176596e-01
2.559107813664672215e-01 5.550351099279593470e-01 7.284098692822135179e-01
2.611074403933836829e-01 5.583446429273134504e-01 7.285115180915637811e-01
2.663181740117094298e-01 5.616447454907461667e-01 7.286302052099765669e-01
2.715447744527087481e-01 5.649353314608969168e-01 7.287656770407271445e-01
2.767890578577598126e-01 5.682162864990665252e-01 7.289177018936702224e-01
2.820528579766077848e-01 5.714874685307537172e-01 7.290860745134810639e-01
2.873380188983626904e-01 5.747487083928098928e-01 7.292706208954259361e-01
2.926463866767688993e-01 5.779998107239363581e-01 7.294712033768768755e-01
2.979797997192750181e-01 5.812405551434675077e-01 7.296877259814041894e-01
3.033400778224368821e-01 5.844706977658951086e-01 7.299201399788753930e-01
3.087290097549748036e-01 5.876899731001332672e-01 7.301684496094836829e-01
3.141483393160987569e-01 5.908980963826497845e-01 7.304327179020736471e-01
3.195997498317181273e-01 5.940947663918298982e-01 7.307130724976057534e-01
3.250848470960366332e-01 5.972796687868525689e-01 7.310097113675483316e-01
3.306051408218250165e-01 6.004524800073322011e-01 7.313229082948570214e-01
3.361620247295306063e-01 6.036128717596160875e-01 7.316530179628343289e-01
3.417567554833804144e-01 6.067605161013873705e-01 7.320004804756379269e-01
3.473907397516267648e-01 6.098950791212505163e-01 7.323654299378521415e-01
3.530646921932755200e-01 6.130162537006528245e-01 7.327487689936490467e-01
3.587790960655483641e-01 6.161237592652111239e-01 7.331515003238840977e-01
3.645344005892626749e-01 6.192173363927483409e-01 7.335744649365338876e-01
3.703308073564922087e-01 6.222967603417459692e-01 7.340185942633119520e-01
3.761682530619772646e-01 6.253618485851438757e-01 7.344849057129122505e-01
3.820463953272236757e-01 6.284124682418140706e-01 7.349744961713233771e-01
3.879646024103309276e-01 6.314485431872870480e-01 7.354885333764162869e-01
3.939219475497757195e-01 6.344700606067206206e-01 7.360282451633249901e-01
3.999172085972221291e-01 6.374770767445601116e-01 7.365949066574227766e-01
4.059488552393460958e-01 6.404697235222697183e-01 7.371898437956738714e-01
4.120143295370790604e-01 6.434482935437627615e-01 7.378151298976968198e-01
4.181120719898521187e-01 6.464130292635040798e-01 7.384715672794602837e-01
4.242398089715356257e-01 6.493642994120176759e-01 7.391604299448287785e-01
4.303950720889361259e-01 6.523025487946352285e-01 7.398829444180630155e-01
4.365752327007795808e-01 6.552282949303996906e-01 7.406402717961391158e-01
4.427775397978791494e-01 6.581421231375939040e-01 7.414334908571973415e-01
4.489991600713892361e-01 6.610446802181542125e-01 7.422635827328728508e-01
4.552372188963463295e-01 6.639366669541524324e-01 7.431314175967023150e-01
4.614888409294377047e-01 6.668188296784185454e-01 7.440377437419587459e-01
4.677511890642542247e-01 6.696919512149691611e-01 7.449831793252773560e-01
4.740215005992579056e-01 6.725568415012117551e-01 7.459682069439469432e-01
4.802971196427328615e-01 6.754143282024832606e-01 7.469931711019590637e-01
4.865755249900383661e-01 6.782652476115423879e-01 7.480582785102178889e-01
4.928543529446200444e-01 6.811104360934918667e-01 7.491636010662174883e-01
4.991314147973828219e-01 6.839507222936997977e-01 7.503090812734439785e-01
5.054047089128258508e-01 6.867869202764507186e-01 7.514945397944003957e-01
5.116724275809637623e-01 6.896198237093067451e-01 7.527196847855784911e-01
5.179329589713005388e-01 6.924502011561292081e-01 7.539841226380222805e-01
5.241848846628128777e-01 6.952787924935370789e-01 7.552873697422201049e-01
5.304269733196997905e-01 6.981063064235225601e-01 7.566288649083828810e-01
5.366581711377713670e-01 7.009334190205580573e-01 7.580079820995764273e-01
5.428775897045468035e-01 7.037607732253856607e-01 7.594240431720626905e-01
5.490794009513599860e-01 7.065900388094283890e-01 7.608799102958287985e-01
5.552667562073239083e-01 7.094210512071374986e-01 7.623721363781149618e-01
5.614399487899204289e-01 7.122542042192258060e-01 7.638994085444210658e-01
5.675986743005578816e-01 7.150900060265066305e-01 7.654609074224056897e-01
5.737427242662694882e-01 7.179289362001145536e-01 7.670558132104232651e-01
5.798719685848526817e-01 7.207714487142793391e-01 7.686833153556488218e-01
5.859828890565195181e-01 7.236187578709464274e-01 7.703449528780365041e-01
5.920731233074343347e-01 7.264718436696014914e-01 7.720414968338394912e-01
5.981482685275066880e-01 7.293298511748738111e-01 7.737684198235993405e-01
6.042084669055373114e-01 7.321931371059561267e-01 7.755249528954691884e-01
6.102538675863034001e-01 7.350620471163472613e-01 7.773103697972348902e-01
6.162783785633934031e-01 7.379384204018945015e-01 7.791281174030657564e-01
6.222841177935534152e-01 7.408221546760520582e-01 7.809762159358845102e-01
6.282756615035174352e-01 7.437125131648250065e-01 7.828511297322234830e-01
6.342532063976130674e-01 7.466097938073996687e-01 7.847522655114640422e-01
6.402112246356422842e-01 7.495157225819079061e-01 7.866828087073386433e-01
6.461504411252821933e-01 7.524304897575392337e-01 7.886418607302493333e-01
6.520765439752946868e-01 7.553530039960026921e-01 7.906253220093071299e-01
6.579896501222757266e-01 7.582835519150116221e-01 7.926327715747275571e-01
6.638806800560740351e-01 7.612248058765346270e-01 7.946697942357252575e-01
6.697578017018402941e-01 7.641749912798140310e-01 7.967307634863178833e-01
6.756228018796940349e-01 7.671339439141984240e-01 7.988142386702480335e-01
6.814710596096413830e-01 7.701031877375287271e-01 8.009229613168346029e-01
6.873020089478627526e-01 7.730831925038446073e-01 8.030570540650042721e-01
6.931216296723295978e-01 7.760726576779219954e-01 8.052124056658368501e-01
6.989275998587521910e-01 7.790724929773037433e-01 8.073903121181571496e-01
7.047152534236279520e-01 7.820842661523562667e-01 8.095936101102209070e-01
7.104922106805086068e-01 7.851061832421742936e-01 8.118171603174370032e-01
7.162569446102093895e-01 7.881389334245781919e-01 8.140617790310784585e-01
7.220040334090815914e-01 7.911843041862915982e-01 8.163308391416447263e-01
7.277408456227805189e-01 7.942405174603853757e-01 8.186193811725330782e-01
7.334657888766813461e-01 7.973082792954127029e-01 8.209282929704759812e-01
7.391747432609402368e-01 8.003890243961496731e-01 8.232601362063399764e-01
7.448735977249020257e-01 8.034813447305777512e-01 8.256109158052773456e-01
7.505604273996299147e-01 8.065860429100145668e-01 8.279817615832615330e-01
7.562332690614271824e-01 8.097039428843918474e-01 8.303738457455780431e-01
7.618959310756335812e-01 8.128341987986715811e-01 8.327845275441333461e-01
7.675463967204435578e-01 8.159776442066398738e-01 8.352150174123026405e-01
7.731846661942399779e-01 8.191345301009472779e-01 8.376651961222449927e-01
7.788124196315543424e-01 8.223046100958398830e-01 8.401338169697588620e-01
7.844281785014497466e-01 8.254885640470521757e-01 8.426217435850159587e-01
7.900328857848460951e-01 8.286863575026901518e-01 8.451282136749787011e-01
7.956264928693609351e-01 8.318982467677227266e-01 8.476531243748695044e-01
8.012089253018755963e-01 8.351244954576190205e-01 8.501963853680684080e-01
8.067805091790286598e-01 8.383652464024160533e-01 8.527576244542643957e-01
8.123401745700530308e-01 8.416210625751501251e-01 8.553374213118811742e-01
8.178901578116453130e-01 8.448915088987204447e-01 8.579340595905532441e-01
8.234284342853642746e-01 8.481774375459271154e-01 8.605487567661450621e-01
8.289542954499774519e-01 8.514793073974180615e-01 8.631818221062786955e-01
8.344713578682038113e-01 8.547962577780816584e-01 8.658304841331018187e-01
8.399754261703714642e-01 8.581298123893511542e-01 8.684974711108669476e-01
8.454668366004264302e-01 8.614801168821788480e-01 8.711823027056003754e-01
8.509493309838528363e-01 8.648462693441764104e-01 8.738819751433771765e-01
8.564173790340892101e-01 8.682302209961922923e-01 8.766001779914387448e-01
8.618719378971080314e-01 8.716319346181836680e-01 8.793358839813590899e-01
8.673171057572719445e-01 8.750504037194137830e-01 8.820856229664778558e-01
8.727459966741877295e-01 8.784880203982089464e-01 8.848540903841757288e-01
8.781587434249459312e-01 8.819450169868838785e-01 8.876407418248756231e-01
8.835619018263590752e-01 8.854196435951926514e-01 8.904399232501989392e-01
8.889462782063851654e-01 8.889150344133223136e-01 8.932580915905740104e-01
8.943102362150165963e-01 8.924319940460470058e-01 8.960959106376661376e-01
8.996611232922958612e-01 8.959685626665856439e-01 8.989466168291342374e-01
9.049913745160751422e-01 8.995274074547038312e-01 9.018153111874663841e-01
9.102966013584228300e-01 9.031102233005601221e-01 9.047046191082066535e-01
9.155741794896707919e-01 9.067181734982305841e-01 9.076156763466313171e-01
9.208307673119948689e-01 9.103496105345105782e-01 9.105411706847366116e-01
9.260529636932718356e-01 9.140090508339491215e-01 9.134912134963277808e-01
9.312340524879012538e-01 9.176989616199484612e-01 9.164703325959798752e-01
9.363644449746415521e-01 9.214226710177049195e-01 9.194859989849213378e-01
9.414259229987477218e-01 9.251860255344100947e-01 9.225549820726169914e-01
9.463470914425774483e-01 9.290101343908121478e-01 9.257532417012246384e-01
