6.597738601379860013e-02 1.238600499381984077e-01 2.494811599712867811e-01
6.865757658541371544e-02 1.266324956800233548e-01 2.555762447808356264e-01
7.132312021900141796e-02 1.293951489111998809e-01 2.616639066260320057e-01
7.396584278365506138e-02 1.321405798946303223e-01 2.677947952348482819e-01
7.658629323761953489e-02 1.348691618055914976e-01 2.739690401973952083e-01
7.919241629978698849e-02 1.375884267331394517e-01 2.801420635219376565e-01
8.176925318412744947e-02 1.402841919021537431e-01 2.864049855987979565e-01
8.433406612792618273e-02 1.429731754896261531e-01 2.926562894753481636e-01
8.687299291862357609e-02 1.456421509856402619e-01 2.989801852647154812e-01
8.939564312621503528e-02 1.483008215820366127e-01 3.053194113218902772e-01
9.189721302857964402e-02 1.509448355999061520e-01 3.117030007960572280e-01
9.437767086491094526e-02 1.535746031892240571e-01 3.181307112978130625e-01
9.684032408298676176e-02 1.561940161218882128e-01 3.245815662969073756e-01
9.927796547462605647e-02 1.587964393005784070e-01 3.310975577575396844e-01
1.016993930631445442e-01 1.613915446377360008e-01 3.376235806086802516e-01
1.040929763606517067e-01 1.639684016677392386e-01 3.442267209045115073e-01
1.064700341792961802e-01 1.665394889067980111e-01 3.508360219569039429e-01
1.088176547667218386e-01 1.690928617928972866e-01 3.575240510639015601e-01
1.111462403295262191e-01 1.716403013777595965e-01 3.642247640300367850e-01
1.134452622240499642e-01 1.741726760902385374e-01 3.709940519253031033e-01
1.157201477866866002e-01 1.766970342921256598e-01 3.777940670973845005e-01
1.179671104159276951e-01 1.792114205608784372e-01 3.846393215051533421e-01
1.201817230210445731e-01 1.817136143480379551e-01 3.915459113873127617e-01
1.223722204783651013e-01 1.842136886386882277e-01 3.984598273467554463e-01
1.245183567208241193e-01 1.866951930885134003e-01 4.054791326498645709e-01
1.266365389448252943e-01 1.891762365105242871e-01 4.125046892271796994e-01
1.287143460345438750e-01 1.916485918438771141e-01 4.195883119105888182e-01
1.307469548160320461e-01 1.941117894471887095e-01 4.267380618771365319e-01
1.327408430973604225e-01 1.965752427165133320e-01 4.339060811804626439e-01
1.346828243039070450e-01 1.990323873082787132e-01 4.411366760117488295e-01
1.365667394636138066e-01 2.014836986376687955e-01 4.484350095699139449e-01
1.383960163689361422e-01 2.039374403932631141e-01 4.557622019510663702e-01
1.401636755967774206e-01 2.063944663974329741e-01 4.631231418544201062e-01
1.418540865672596740e-01 2.088512567417482035e-01 4.705504424282677678e-01
1.434598643146114128e-01 2.113116730887077965e-01 4.780359058662089766e-01
1.449764155851626657e-01 2.137823044275377615e-01 4.855569960092488979e-01
1.463910004146321830e-01 2.162663403203769485e-01 4.931143386027379560e-01
1.476886377469379952e-01 2.187680022007208458e-01 5.007063827574367298e-01
1.488517278855215897e-01 2.212928540992544768e-01 5.083284550145572567e-01
1.498596541692162332e-01 2.238481772327865493e-01 5.159715446979967757e-01
1.506883975687731414e-01 2.264434023743985280e-01 5.236207927150543506e-01
1.513102256748371788e-01 2.290905757285599531e-01 5.312536911875026524e-01
1.516842522456439690e-01 2.318030303219635324e-01 5.388545690381982833e-01
1.517570170754133085e-01 2.345981922008114062e-01 5.464014367414956608e-01
1.515076197810979464e-01 2.375036749636269540e-01 5.537960248334482527e-01
1.508527167578624095e-01 2.405440732043884755e-01 5.610095372512794443e-01
1.497779955302820376e-01 2.437529689807156341e-01 5.679039092169722025e-01
1.482412957217069116e-01 2.471597695361844038e-01 5.743778793359424206e-01
1.462677401356168583e-01 2.507850610764148502e-01 5.802953371129300209e-01
1.439355627545357286e-01 2.546290083660951442e-01 5.855507465326762473e-01
1.413540769625598603e-01 2.586695514989866829e-01 5.901033497204623002e-01
1.386407864858154870e-01 2.628687111034194723e-01 5.939785160116007878e-01
1.358917366388572578e-01 2.671843825843605580e-01 5.972486725556511722e-01
1.331956301615234428e-01 2.715742302472205494e-01 6.000063534918327335e-01
1.305811350178066321e-01 2.760102973743540078e-01 6.023428893290788677e-01
1.280671927186234904e-01 2.804711462805791200e-01 6.043358297286517411e-01
1.256919911974779258e-01 2.849349146429925872e-01 6.060559435528747319e-01
1.234353694092780451e-01 2.893960415099317007e-01 6.075503879105464966e-01
1.213123684738988406e-01 2.938438245262708359e-01 6.088643085732736715e-01
1.193314037280503725e-01 2.982710543730990871e-01 6.100344852684282948e-01
1.174733533629070403e-01 3.026784028742006138e-01 6.110815570440700784e-01
1.157410513288365805e-01 3.070626658343806881e-01 6.120282423760157187e-01
1.141526088065836497e-01 3.114180400183615416e-01 6.129002396427197796e-01
1.126916634208409429e-01 3.157472412451859389e-01 6.137061650582799066e-01
1.113553786510952659e-01 3.200503527841166984e-01 6.144572065766925606e-01
1.101437722183151724e-01 3.243271585465217766e-01 6.151637952792941011e-01
1.090564770800171446e-01 3.285777842283311712e-01 6.158346267162948529e-01
1.080928143315710299e-01 3.328026048887181565e-01 6.164769721944358682e-01
1.072518450875257212e-01 3.370021743369620570e-01 6.170969325182951160e-01
1.065324069530126649e-01 3.411771714425693713e-01 6.176996445247795453e-01
1.059331395146229648e-01 3.453283595087877078e-01 6.182894491232916456e-01
1.054525023039967757e-01 3.494565556897754055e-01 6.188700280655170527e-01
1.050887878891080540e-01 3.535626081054415448e-01 6.194445153697799578e-01
1.048401320993113395e-01 3.576473788404232468e-01 6.200155882238653771e-01
1.047045228648097182e-01 3.617117314301156461e-01 6.205855412748909616e-01
1.046798087267215294e-01 3.657565217601439489e-01 6.211563474636030424e-01
1.047637077327939481e-01 3.697825915556448573e-01 6.217297079493111500e-01
1.049538171612311999e-01 3.737907638293131996e-01 6.223070931774267178e-01
1.052476243004594747e-01 3.777818398051627224e-01 6.228897767433481114e-01
1.056425183464732021e-01 3.817565969485811617e-01 6.234788633863599383e-01
1.061358033549051061e-01 3.857157878203879009e-01 6.240753121902191669e-01
1.067247120960378159e-01 3.896601395393941014e-01 6.246799558608577829e-01
1.074064206019045564e-01 3.935903536891926513e-01 6.252935167860671495e-01
1.081780631610760601e-01 3.975071065441324047e-01 6.259166204489629015e-01
1.090367475038964695e-01 4.014110495195324368e-01 6.265498066600397875e-01
1.099820192670150909e-01 4.053023125398828030e-01 6.271951607472914247e-01
1.110081883132479630e-01 4.091820642340333603e-01 6.278512759575444191e-01
1.121122195896028517e-01 4.130509161123952500e-01 6.285183732165030568e-01
1.132912658654391114e-01 4.169094262530252948e-01 6.291967191746730137e-01
1.145425291517750410e-01 4.207581307564207673e-01 6.298865324820219769e-01
1.158632717089364272e-01 4.245975446528400532e-01 6.305879875238334931e-01
1.172508261265178542e-01 4.284281627655473490e-01 6.313012175820684746e-01
1.187026044305651562e-01 4.322504605241775932e-01 6.320263175158151725e-01
1.202170218035645832e-01 4.360647043028175740e-01 6.327640308933485391e-01
1.217903323311140817e-01 4.398716102802121553e-01 6.335133964865322653e-01
1.234201965028123016e-01 4.436716084893622125e-01 6.342743647718233069e-01
1.251044458168622253e-01 4.474650989352985664e-01 6.350469034989063566e-01
1.268410231661077081e-01 4.512524653607909442e-01 6.358309517935993860e-01
1.286279862353579828e-01 4.550340757553759663e-01 6.366264210299322768e-01
1.304635102569667859e-01 4.588102828035847680e-01 6.374331955697576380e-01
1.323456332495375476e-01 4.625814799269595823e-01 6.382509181299536039e-01
1.342726301857550264e-01 4.663480223415985004e-01 6.390792893119938700e-01
1.362431133778941039e-01 4.701102048314840798e-01 6.399181612927934415e-01
1.382557801777440920e-01 4.738683163523436659e-01 6.407673303740510917e-01
1.403094518927116008e-01 4.776226319622609018e-01 6.416265687705522414e-01
1.424030742552521711e-01 4.813734129303259279e-01 6.424956248215036858e-01
1.445357177858233311e-01 4.851209067888150872e-01 6.433742231671184530e-01
1.467060787915918652e-01 4.888654617396300250e-01 6.442615910488664888e-01
1.489131851676200047e-01 4.926073688646966375e-01 6.451570946472290347e-01
1.511571091366653297e-01 4.963466938037996434e-01 6.460609578935421204e-01
1.534374568113274773e-01 5.000836224936368035e-01 6.469728308538383876e-01
1.557539606313337044e-01 5.038183265492227614e-01 6.478923408808500151e-01
1.581064802328551455e-01 5.075509629447428894e-01 6.488190927082100323e-01
1.604950035510952222e-01 5.112816736254882644e-01 6.497526685562985405e-01
1.629196481906860228e-01 5.150105850470044766e-01 6.506926282565553832e-01
1.653806563676609720e-01 5.187378093247897448e-01 6.516385018000171447e-01
1.678770878978581016e-01 5.224637768298545648e-01 6.525882706071722827e-01
1.704107945748090658e-01 5.261882349061756114e-01 6.535428899563763272e-01
1.729824594318147002e-01 5.299112360468477556e-01 6.545018545237717422e-01
1.755929057918094727e-01 5.336328137580849118e-01 6.554646382342502742e-01
1.782431006664247641e-01 5.373529815601206794e-01 6.564306947203235598e-01
1.809341585475496006e-01 5.410717318764055594e-01 6.573994578824640111e-01
1.836673455941881250e-01 5.447890348032889962e-01 6.583703425703313350e-01
1.864440842101210971e-01 5.485048367520860557e-01 6.593427454071065785e-01
1.892659579998643982e-01 5.522190589552509188e-01 6.603160457822994100e-01
1.921347170798090864e-01 5.559315958284012371e-01 6.612896070418273764e-01
1.950522837092731887e-01 5.596423131801995243e-01 6.622627779079297561e-01
1.980207581910957138e-01 5.633510462626485360e-01 6.632348941655241692e-01
2.010424249735310309e-01 5.670575976553166031e-01 6.642052806559789468e-01
2.041197588637720939e-01 5.707617349784390726e-01 6.651732536238323945e-01
2.072554312381834074e-01 5.744631884318825987e-01 6.661381234667468343e-01
2.104523161046616408e-01 5.781616481597345869e-01 6.670991979438091191e-01
2.137134958380619842e-01 5.818567614439515978e-01 6.680557859020190836e-01
2.170422663699277943e-01 5.855481297352551628e-01 6.690072015853253395e-01
2.204421415686979580e-01 5.892353055354571101e-01 6.699527695945174388e-01
2.239168564955728025e-01 5.929177891529354705e-01 6.708918305694538953e-01
2.274703691651913662e-01 5.965950253621812305e-01 6.718237476670261277e-01
2.311068603787596043e-01 6.002664000095238039e-01 6.727479139084245885e-01
2.348307311320150803e-01 6.039312366204897531e-01 6.736637604671461554e-01
2.386465970323070063e-01 6.075887930799791503e-01 6.745707659639463838e-01
2.425592790908820962e-01 6.112382584746600678e-01 6.754684668258670310e-01
2.465737901908315322e-01 6.148787502077949219e-01 6.763564687525340791e-01
2.506953164731830497e-01 6.185093115199363778e-01 6.772344593131256474e-01
2.549296306833234715e-01 6.221293277287609502e-01 6.780979140255732895e-01
2.592822774336291380e-01 6.257372346725570411e-01 6.789506539234843041e-01
2.637588638514070660e-01 6.293318265564150638e-01 6.797927409484227912e-01
2.683650223312705752e-01 6.329118213522958447e-01 6.806243803889014954e-01
2.731063499524681304e-01 6.364758627686015746e-01 6.814459485792905280e-01
2.779906740187598757e-01 6.400228375684388071e-01 6.822520389699539001e-01
2.830218658907085461e-01 6.435508363165360901e-01 6.830490580497422526e-01
2.882048880496008714e-01 6.470582889109053326e-01 6.838383084593062655e-01
2.935458083139746988e-01 6.505436502020417455e-01 6.846186591669699562e-01
2.990503892938236596e-01 6.540052313531840023e-01 6.853899295935115266e-01
3.047196724248331101e-01 6.574412743642752410e-01 6.861585944188198782e-01
3.105583191416750322e-01 6.608501423712110912e-01 6.869242652383956704e-01
3.165691502323280671e-01 6.642301693361829518e-01 6.876887756715628353e-01
3.227495057337754214e-01 6.675799504508616034e-01 6.884592417367911832e-01
3.291028263869451576e-01 6.708979305506697077e-01 6.892345854413708395e-01
3.356230778965553774e-01 6.741831128414313978e-01 6.900227469259155866e-01
3.423073210907732200e-01 6.774345078849072221e-01 6.908268664523685709e-01
3.491497562850178760e-01 6.806514618485436374e-01 6.916515776970183493e-01
3.561412724149042863e-01 6.838337923407922236e-01 6.925029303903535993e-01
3.632736859780383298e-01 6.869814453814443445e-01 6.933849146347551562e-01
3.705348353526126681e-01 6.900949744532235419e-01 6.943034006383217438e-01
3.779122643387600178e-01 6.931752240960002975e-01 6.952632699407041983e-01
3.853938489959773395e-01 6.962232375904670034e-01 6.962682692318554745e-01
3.929633165309669440e-01 6.992408157519413026e-01 6.973239952904880523e-01
4.006094014150666793e-01 7.022293785228771457e-01 6.984322280579721154e-01
4.083159356621580693e-01 7.051912169731731073e-01 6.995972410351208870e-01
4.160701459275524816e-01 7.081283984755933902e-01 7.008208963157127602e-01
4.238620058191452378e-01 7.110427636723841704e-01 7.021034222566255867e-01
4.316725578542053299e-01 7.139377080072604187e-01 7.034496090272048807e-01
4.394994714751406240e-01 7.168142170649683953e-01 7.048555730206492731e-01
4.473284906527433269e-01 7.196752689920701274e-01 7.063236640655090604e-01
4.551495147015194864e-01 7.225233370762427221e-01 7.078541344797719681e-01
4.629611457318438261e-01 7.253594732048370686e-01 7.094433480260243785e-01
4.707534852399093972e-01 7.281862590349524877e-01 7.110918876863899785e-01
4.785169352473264692e-01 7.310063519486531547e-01 7.128002486509635860e-01
4.862541175206331334e-01 7.338201861642941193e-01 7.145637643240034809e-01
4.939610178122765816e-01 7.366294113512334985e-01 7.163810048013540266e-01
5.016310591672418218e-01 7.394362226143922356e-01 7.182517850494093414e-01
5.092596479997313352e-01 7.422424836790947333e-01 7.201752147893440981e-01
5.168502920324100636e-01 7.450484101459822206e-01 7.221473089909000720e-01
5.244013381888714687e-01 7.478552285559243451e-01 7.241664310755349110e-01
5.319115488689606375e-01 7.506640750099188297e-01 7.262309445597783242e-01
5.393800515498496928e-01 7.534759997433319034e-01 7.283392250016084146e-01
5.468044438041703703e-01 7.562923850920999502e-01 7.304903735115424457e-01
5.541839357415714318e-01 7.591142604468823496e-01 7.326829886087474764e-01
5.615214997302344635e-01 7.619417788590748808e-01 7.349143832677361710e-01
5.688172658612942190e-01 7.647756983657992835e-01 7.371830791535139982e-01
5.760715228891868378e-01 7.676167208435804579e-01 7.394876421854478243e-01
5.832846906737159109e-01 7.704654971547720832e-01 7.418266842236616032e-01
5.904572957555410673e-01 7.733226320830066669e-01 7.441988638633715292e-01
5.975899498408560051e-01 7.761886890212207346e-01 7.466028864742004778e-01
6.046833309596043593e-01 7.790641943891402077e-01 7.490375036038013912e-01
6.117381670592270115e-01 7.819496417678519773e-01 7.515015118481881418e-01
6.187552218007135174e-01 7.848454957475322624e-01 7.539937512752844517e-01
6.257352823331345792e-01 7.877521954909707524e-01 7.565131034734732252e-01
6.326791488358145532e-01 7.906701580203755464e-01 7.590584892833606157e-01
6.395876256322543529e-01 7.935997812385013894e-01 7.616288662585695146e-01
6.464615136961924247e-01 7.965414466975205832e-01 7.642232258900538699e-01
6.533016043869401823e-01 7.994955221304983484e-01 7.668405906180205678e-01
6.601086742679306285e-01 8.024623637610888149e-01 7.694800106460160105e-01
6.668834808789664281e-01 8.054423184071207720e-01 7.721405605628438584e-01
6.736267593487160754e-01 8.084357253933542875e-01 7.748213357696444037e-01
6.803392197495884419e-01 8.114429182878516444e-01 7.775214487015286169e-01
6.870215451120499361e-01 8.144642264752101068e-01 7.802400248254467430e-01
6.936743900300211818e-01 8.174999765783720340e-01 7.829761983884004906e-01
7.002974950415432609e-01 8.205507454139520096e-01 7.857294359175189813e-01
7.068916498938800919e-01 8.236168074562510988e-01 7.884988108515800231e-01
7.134582338528936418e-01 8.266982574818713125e-01 7.912831565844938853e-01
7.199978016303433259e-01 8.297954164160811219e-01 7.940815874530331442e-01
7.265108777000938156e-01 8.329086081072485381e-01 7.968932005645313899e-01
7.329979578454549616e-01 8.360381599792610086e-01 7.997170690214260302e-01
7.394595112267420278e-01 8.391844035374615984e-01 8.025522344938926800e-01
7.458959830242087863e-01 8.423476747120355324e-01 8.053976990501692246e-01
7.523077977331221744e-01 8.455283140156318877e-01 8.082524161470656665e-01
7.586951667693938584e-01 8.487267253083131680e-01 8.111153620935316333e-01
7.650577483984875027e-01 8.519434804026106978e-01 8.139856782226038145e-01
7.713970926011407547e-01 8.551785852225586293e-01 8.168616329686009259e-01
7.777135915287802792e-01 8.584323939893921951e-01 8.197418712821458175e-01
7.840076454752769042e-01 8.617052627327101977e-01 8.226249282969148036e-01
7.902796732960170045e-01 8.649975472537146937e-01 8.255092131742095551e-01
7.965301248451132077e-01 8.683096003971411125e-01 8.283929915814087774e-01
8.027594957590121760e-01 8.716417684881572203e-01 8.312743668855639978e-01
8.089680559912207913e-01 8.749944751017242339e-01 8.341514052269850543e-01
8.151567019468018982e-01 8.783679611555336164e-01 8.370217075803022544e-01
8.213264334358614249e-01 8.817624446744987132e-01 8.398826380716230000e-01
8.274781243204414327e-01 8.851781910186152791e-01 8.427314427493727278e-01
8.336128134834004388e-01 8.886154231077250110e-01 8.455651044543932571e-01
8.397317396975054749e-01 8.920743090766621863e-01 8.483803273271105505e-01
8.458363795503203164e-01 8.955549480225133419e-01 8.511735264537213519e-01
8.519285410708211659e-01 8.990573377468378258e-01 8.539407899678711500e-01
8.580104271310651232e-01 9.025813506938162867e-01 8.566778627755414766e-01
8.640844411003687497e-01 9.061267859275130565e-01 8.593803204948170515e-01
8.701533853242351402e-01 9.096933004913555498e-01 8.620435066748899366e-01
8.762204735799774546e-01 9.132803958502141439e-01 8.646625969293003644e-01
8.822893382459134903e-01 9.168874047650978909e-01 8.672326784644417419e-01
8.883640160698558219e-01 9.205134840158590848e-01 8.697488518860556628e-01
8.944490897569347121e-01 9.241575627749747390e-01 8.722061884634622064e-01
9.005494862654843669e-01 9.278183935417740891e-01 8.745999527261957285e-01
9.066697518672085510e-01 9.314947526919318266e-01 8.769263428234910229e-01
9.128147816848455331e-01 9.351852279261616552e-01 8.791818556054207257e-01
9.189893388971293042e-01 9.388883614412766310e-01 8.813636793355511534e-01
9.251978653035416444e-01 9.426027146413026303e-01 8.834697874077058755e-01
9.314442876100802460e-01 9.463269403919151168e-01 8.854989876415102490e-01
9.377318363007438595e-01 9.500598571817585603e-01 8.874509187201842231e-01
9.440634086681402026e-01 9.538003778631106711e-01 8.893253867710815275e-01
9.504401533195278029e-01 9.575479274112385086e-01 8.911237616446540111e-01
9.568622268534309194e-01 9.613022612892393459e-01 8.928479377657454474e-01
9.633289971376283178e-01 9.650634347497447640e-01 8.944999044139121391e-01
9.698388693863758681e-01 9.688318688917866295e-01 8.960818313086871267e-01
9.763893802744164629e-01 9.726083363283349881e-01 8.975959074248138769e-01
9.829773205072419584e-01 9.763939321161484441e-01 8.990442065973827113e-01
9.895988716426143972e-01 9.801900344288262401e-01 9.004285886132605832e-01
9.962497442478134291e-01 9.839982596313375796e-01 9.017506391251587372e-01
