2.034002463374002811e-01 5.125715285178860520e-02 2.085372063771265272e-01
2.082620235717315138e-01 5.257438772048273617e-02 2.129328977906284059e-01
2.131352588343927157e-01 5.385491895770589538e-02 2.173030574920574165e-01
2.180204522985965676e-01 5.509893160286010588e-02 2.216467626153181270e-01
2.229180662380075839e-01 5.630663136815370479e-02 2.259630047830259447e-01
2.278285229664566147e-01 5.747825339035907838e-02 2.302506881609430733e-01
2.327561803770203386e-01 5.860747847771281133e-02 2.345114333677875140e-01
2.376973739685813714e-01 5.970120319443159712e-02 2.387409437758167274e-01
2.426520784951842757e-01 6.076032925135082391e-02 2.429376426307544024e-01
2.476205211412589313e-01 6.178532806314660647e-02 2.471000835041496368e-01
2.526028775756383737e-01 6.277674824557366584e-02 2.512267303676423147e-01
2.575992689989206608e-01 6.373522644476575794e-02 2.553159580518031269e-01
2.626097591395918363e-01 6.466149844681601255e-02 2.593660533804174051e-01
2.676354374924288515e-01 6.555455450916861104e-02 2.633757786005420098e-01
2.726759777346169922e-01 6.641579481976991883e-02 2.673430254060571443e-01
2.777301054710668571e-01 6.724828098296936618e-02 2.712652299698696257e-01
2.827976306923836725e-01 6.805325707674123037e-02 2.751403834400568682e-01
2.878782945311796904e-01 6.883211781082057557e-02 2.789664094251954607e-01
2.929717671102379239e-01 6.958641854495320467e-02 2.827411705802333475e-01
2.980776457172774063e-01 7.031788456468926474e-02 2.864624763353166292e-01
3.031954533707552635e-01 7.102841937235576664e-02 2.901280917978547591e-01
3.083246378402036969e-01 7.172011173017686647e-02 2.937357478389135412e-01
3.134645711821229530e-01 7.239524117563511663e-02 2.972831523530131137e-01
3.186145498482620964e-01 7.305628171756148315e-02 3.007680026557595920e-01
3.237737954171283072e-01 7.370590341662106026e-02 3.041879989569576392e-01
3.289414559917514524e-01 7.434697155739058982e-02 3.075408588184366798e-01
3.341166082970875029e-01 7.498254313274954619e-02 3.108243324765390669e-01
3.392982604990861795e-01 7.561586038621423422e-02 3.140362188799208365e-01
3.444853557545813350e-01 7.625034119537774102e-02 3.171743822649770728e-01
3.496770804198256477e-01 7.688902041627435069e-02 3.202367511798585031e-01
3.548730588141333908e-01 7.753419260275734581e-02 3.232212473818363851e-01
3.600709660701238435e-01 7.819169210462800779e-02 3.261260438198446687e-01
3.652695090362573227e-01 7.886552703397090025e-02 3.289494343067977944e-01
3.704673590324250032e-01 7.955977986332424257e-02 3.316898655204278401e-01
3.756631594887540060e-01 8.027857713191724476e-02 3.343459517649038371e-01
3.808555339288969832e-01 8.102605665725876039e-02 3.369164884312597086e-01
3.860430941874281596e-01 8.180633277581816909e-02 3.394004639140563162e-01
3.912256097683191602e-01 8.262141527259461715e-02 3.417965388380971303e-01
3.964007130297593218e-01 8.347701754004596686e-02 3.441044235724556866e-01
4.015666852977432533e-01 8.437757766440442952e-02 3.463238990387739746e-01
4.067221669675408213e-01 8.532676500724681312e-02 3.484548346345710534e-01
4.118658301965831270e-01 8.632803919827600203e-02 3.504973239811765007e-01
4.169969758462759302e-01 8.738362154375492463e-02 3.524512375858371849e-01
4.221140984792258188e-01 8.849693359303587026e-02 3.543172112905775273e-01
4.272154852828886629e-01 8.967151542383772211e-02 3.560963875772367726e-01
4.323000061476657274e-01 9.090969474799345806e-02 3.577897503619592023e-01
4.373666093617918915e-01 9.221344371517425920e-02 3.593984619211612608e-01
4.424148033564082039e-01 9.358361785401031474e-02 3.609233190012756665e-01
4.474429556959144683e-01 9.502266265951053725e-02 3.623665563347658880e-01
4.524502157463570762e-01 9.653152558968838837e-02 3.637298817526759542e-01
4.574358041489324234e-01 9.811082191626963045e-02 3.650151416090168244e-01
4.623991454541829804e-01 9.976065343840129218e-02 3.662241176536292220e-01
4.673393879073711177e-01 1.014813305146687883e-01 3.673591735272957459e-01
4.722559296975721854e-01 1.032725993184717139e-01 3.684225499867860298e-01
4.771482837998479165e-01 1.051338742417683159e-01 3.694164970204523168e-01
4.820159589014604840e-01 1.070644243738244350e-01 3.703434438399521023e-01
4.868585609140311798e-01 1.090632523851999269e-01 3.712058226357082269e-01
4.916758190194626121e-01 1.111290906599490258e-01 3.720059818290880060e-01
4.964674957217509177e-01 1.132605442683873864e-01 3.727463195168757570e-01
5.012332745984564575e-01 1.154562389937715539e-01 3.734295174784395543e-01
5.059729862980435477e-01 1.177145617740232852e-01 3.740580772636119544e-01
5.106866581816573714e-01 1.200336468026920456e-01 3.746341300161435961e-01
5.153742367301422656e-01 1.224117140591406694e-01 3.751600258018771838e-01
5.200356363922209457e-01 1.248470120733735367e-01 3.756382551974452033e-01
5.246706783487381509e-01 1.273378756852094063e-01 3.760716446399895441e-01
5.292796498492590151e-01 1.298822067930652524e-01 3.764618033826110377e-01
5.338626135422905872e-01 1.324781762459926737e-01 3.768109124380045194e-01
5.384196501144510316e-01 1.351239813932839096e-01 3.771211030874267456e-01
5.429506470730138812e-01 1.378180135121435668e-01 3.773951523619960002e-01
5.474558435278772395e-01 1.405584279152288785e-01 3.776347269993366451e-01
5.519354537512982661e-01 1.433434802585686063e-01 3.778414852793369194e-01
5.563896048179566289e-01 1.461715605343842650e-01 3.780173288805740439e-01
5.608184279263467298e-01 1.490411220014642157e-01 3.781641038386275300e-01
5.652218458222221242e-01 1.519507861175737884e-01 3.782845039525286057e-01
5.696001981012460691e-01 1.548990153349074916e-01 3.783794775494400686e-01
5.739536466014196758e-01 1.578844538430557720e-01 3.784505787767488694e-01
5.782823203682633251e-01 1.609058321765788335e-01 3.784994295515334839e-01
5.825863435035250060e-01 1.639619511220119508e-01 3.785276019365447775e-01
5.868657195674668037e-01 1.670516976788867514e-01 3.785372630540221883e-01
5.911206437729070728e-01 1.701739770998706713e-01 3.785295035265708874e-01
5.953512720943007208e-01 1.733277858871770660e-01 3.785054621982753553e-01
5.995576965897967403e-01 1.765121975913181707e-01 3.784665259488561584e-01
6.037399990506459035e-01 1.797263486622488471e-01 3.784140428470601503e-01
6.078982443238682976e-01 1.829694341941491276e-01 3.783493709986866516e-01
6.120324156302930918e-01 1.862406715933664081e-01 3.782744366000001524e-01
6.161426615427991749e-01 1.895393981082279800e-01 3.781897379927290359e-01
6.202290151835444521e-01 1.928649814733044143e-01 3.780964890449534654e-01
6.242914965761068302e-01 1.962168403108488501e-01 3.779958773221168133e-01
6.283301122985771592e-01 1.995944416686266654e-01 3.778890664877021521e-01
6.323448551853009247e-01 2.029972985879547887e-01 3.777771986896097389e-01
6.363356714241054091e-01 2.064249059420060206e-01 3.776618996147099727e-01
6.403025689859566105e-01 2.098769174022531714e-01 3.775437410683403772e-01
6.442454984979625321e-01 2.133529749202845993e-01 3.774237883397635329e-01
6.481643941443696599e-01 2.168527541906234979e-01 3.773031206968150975e-01
6.520591754729223588e-01 2.203759654266244650e-01 3.771828077558652681e-01
6.559297473209481089e-01 2.239223513030393353e-01 3.770639116649144307e-01
6.597759982863891093e-01 2.274916618065601082e-01 3.769476169820946132e-01
6.635978070649097837e-01 2.310836906390836831e-01 3.768350007100279009e-01
6.673950369964636309e-01 2.346983031289386346e-01 3.767269100578239382e-01
6.711675324616499516e-01 2.383353539955441192e-01 3.766243994612780699e-01
6.749151231751110425e-01 2.419947210999891518e-01 3.765285264384131692e-01
6.786376242649662105e-01 2.456763038128263466e-01 3.764403535110733556e-01
6.823348363761195801e-01 2.493800214422073891e-01 3.763609500820121467e-01
6.860065488492232966e-01 2.531057977294109973e-01 3.762914512548127810e-01
6.896525329109274294e-01 2.568535960113472738e-01 3.762329055321002591e-01
6.932725426766019883e-01 2.606234021780075572e-01 3.761863526116585033e-01
6.968663212773178461e-01 2.644152012227610760e-01 3.761529095527339495e-01
7.004335983291459788e-01 2.682289908573779469e-01 3.761337091569335600e-01
7.039740902088845731e-01 2.720647802144139371e-01 3.761299015349165442e-01
7.074875003639726767e-01 2.759225885803616163e-01 3.761426556123988463e-01
7.109735162895217675e-01 2.798024524280844916e-01 3.761731340017399616e-01
7.144318123927204667e-01 2.837044162122266955e-01 3.762225233422813453e-01
7.178620569041518351e-01 2.876285169108695472e-01 3.762920784118068407e-01
7.212639047983969709e-01 2.915748020657008555e-01 3.763830604225979481e-01
7.246370003939071047e-01 2.955433232127043786e-01 3.764967560209065978e-01
7.279809779377566237e-01 2.995341347142527755e-01 3.766344783074295766e-01
7.312954622460766663e-01 3.035472925968438762e-01 3.767975677519167510e-01
7.345800519344474200e-01 3.075828847103421748e-01 3.769873118279194468e-01
7.378343512384677449e-01 3.116409704467773545e-01 3.772051064266770948e-01
7.410579750279425726e-01 3.157215772518807695e-01 3.774524509829353947e-01
7.442505183508412170e-01 3.198247550352249502e-01 3.777308063416947026e-01
7.474115712082280982e-01 3.239505493622616417e-01 3.780416634360889150e-01
7.505407196227874556e-01 3.280990002753491619e-01 3.783865433211569540e-01
7.536375467881040180e-01 3.322701411099439062e-01 3.787669970190922220e-01
7.567015922742318379e-01 3.364640582281425152e-01 3.791844777860022275e-01
7.597324610418284552e-01 3.406807299395016586e-01 3.796406843015277532e-01
7.627297518608332494e-01 3.449201381780978570e-01 3.801373059981723590e-01
7.656930517948008497e-01 3.491822750013692245e-01 3.806760122706670524e-01
7.686219524815265380e-01 3.534671195520193154e-01 3.812584982442814296e-01
7.715160518337467188e-01 3.577746368683014655e-01 3.818864831434901075e-01
7.743749481448563010e-01 3.621047863617611329e-01 3.825616918198675998e-01
7.771982233463431422e-01 3.664575425267851405e-01 3.832858192234025463e-01
7.799855573279415033e-01 3.708327552306592834e-01 3.840607581802352732e-01
7.827365958532629397e-01 3.752303177293505598e-01 3.848883050999601374e-01
7.854510012103226302e-01 3.796501032751679605e-01 3.857702673246294345e-01
7.881284544156301752e-01 3.840919640902587529e-01 3.867084595587381712e-01
7.907686574783574507e-01 3.885557303926693296e-01 3.877046999689159890e-01
7.933713473226599033e-01 3.930411968130258504e-01 3.887608225579017307e-01
7.959362958998934534e-01 3.975481251157440554e-01 3.898786646276527490e-01
7.984632874676697023e-01 4.020762706733001512e-01 3.910600267933756480e-01
8.009521378981909745e-01 4.066253627118514569e-01 3.923066947182650144e-01
8.034026962411985329e-01 4.111951046689115152e-01 3.936204324142628108e-01
8.058148470586988799e-01 4.157851737769109879e-01 3.950029765120905423e-01
8.081885484630557670e-01 4.203951856851556590e-01 3.964560648094507256e-01
8.105238975108269850e-01 4.250246362540385792e-01 3.979814747698801614e-01
8.128207950280410543e-01 4.296732294003547947e-01 3.995807052170325946e-01
8.150792968857805132e-01 4.343405321271661679e-01 4.012553165972070901e-01
8.172995050178583076e-01 4.390260854893064946e-01 4.030068099238640067e-01
8.194815690724320811e-01 4.437294051177347876e-01 4.048366204140803060e-01
8.216256878784896633e-01 4.484499819155622347e-01 4.067461112065531847e-01
8.237322933175019735e-01 4.531871228543432051e-01 4.087366658020525345e-01
8.258018346451376779e-01 4.579401513029328075e-01 4.108095284678619508e-01
8.278344282915189867e-01 4.627087037890093568e-01 4.129656573155296440e-01
8.298304844983901418e-01 4.674921821164159108e-01 4.152060584430907197e-01
8.317904658009995789e-01 4.722899701137897588e-01 4.175316375108732991e-01
8.337148868611683472e-01 4.771014353948369036e-01 4.199431953989596344e-01
8.356043139975503076e-01 4.819259312622626301e-01 4.224414243859783702e-01
8.374593644075595256e-01 4.867627987429819503e-01 4.250269048992098009e-01
8.392811521535089581e-01 4.916110207509353791e-01 4.277001760608312164e-01
8.410703541185753362e-01 4.964699646160714575e-01 4.304615283001137493e-01
8.428274070171406507e-01 5.013392068558483183e-01 4.333111196492664408e-01
8.445531134701587117e-01 5.062180669436533442e-01 4.362490569289804720e-01
8.462483171732270160e-01 5.111058643932878676e-01 4.392753297751230135e-01
8.479139003246871642e-01 5.160019211927755478e-01 4.423898116530999292e-01
8.495507808257551918e-01 5.209055642285482790e-01 4.455922615760174454e-01
8.511599092771463537e-01 5.258161276783985816e-01 4.488823265086418490e-01
8.527422657992969057e-01 5.307329553519699594e-01 4.522595444303549317e-01
8.542988567054966564e-01 5.356554029582069054e-01 4.557233480219839428e-01
8.558307110590109845e-01 5.405828402802138610e-01 4.592730689337449212e-01
8.573388771464994784e-01 5.455146532392860514e-01 4.629079425847138496e-01
8.588244189007790963e-01 5.504502458314576296e-01 4.666271134383851993e-01
8.602887327613949475e-01 5.553888328102728478e-01 4.704295527914130193e-01
8.617327493598900823e-01 5.603299666552966629e-01 4.743142611496265482e-01
8.631573066573615671e-01 5.652732795695735168e-01 4.782802156484906031e-01
8.645634773771747605e-01 5.702182733234352208e-01 4.823262709991545383e-01
8.659523319452930856e-01 5.751644748762787529e-01 4.864512237593011101e-01
8.673249354213553586e-01 5.801114372307474287e-01 4.906538189940125583e-01
8.686823445912698061e-01 5.850587401058766623e-01 4.949327569364067592e-01
8.700256052408116281e-01 5.900059904309469250e-01 4.992866995883939452e-01
8.713557496267209102e-01 5.949528226638209905e-01 5.037142772058214035e-01
8.726737941588253999e-01 5.998988989392898263e-01 5.082140946168248741e-01
8.739815969115529715e-01 6.048434137862945814e-01 5.127843001752147023e-01
8.752796175219744734e-01 6.097863976665317542e-01 5.174236892760738504e-01
8.765687412960717628e-01 6.147276420564155019e-01 5.221308473833028430e-01
8.778499186810901911e-01 6.196669141071349252e-01 5.269043139249947050e-01
8.791240751896489680e-01 6.246040078804957485e-01 5.317426307330340718e-01
8.803921103664992254e-01 6.295387436822825755e-01 5.366443467601184070e-01
8.816548969914349554e-01 6.344709672901969189e-01 5.416080224154796730e-01
8.829132805112128723e-01 6.394005490891804255e-01 5.466322335097351104e-01
8.841680786914359880e-01 6.443273831269403784e-01 5.517155748042765762e-01
8.854200814778028228e-01 6.492513861023391231e-01 5.568566631651752363e-01
8.866700510547862457e-01 6.541724962989774461e-01 5.620541403257021118e-01
8.879187220887899690e-01 6.590906724758603952e-01 5.673066752652388134e-01
8.891709022410747565e-01 6.640038362746348843e-01 5.726100532447696567e-01
8.904237095992360018e-01 6.689138192653601989e-01 5.779654133729836829e-01
8.916776705242244194e-01 6.738207055230612808e-01 5.833715948784413685e-01
8.929334172678807802e-01 6.787245284319090022e-01 5.888273795844850556e-01
8.941915566016080952e-01 6.836253365962329243e-01 5.943315847613384051e-01
8.954526708976771054e-01 6.885231926405954717e-01 5.998830635410449252e-01
8.967203212860314077e-01 6.934167616666734313e-01 6.054783383481375791e-01
8.979956379512032960e-01 6.983059000713781606e-01 6.111157531581823399e-01
8.992759701121831872e-01 7.031922144373208283e-01 6.167967177972875081e-01
9.005618093543485969e-01 7.080758191596225881e-01 6.225202235043866272e-01
9.018536281154535539e-01 7.129568373829493488e-01 6.282852974032566706e-01
9.031548045364521382e-01 7.178340969900336432e-01 6.340885324865254136e-01
9.044682125236334080e-01 7.227067015228565428e-01 6.399268508324190696e-01
9.057893354554222842e-01 7.275770233727173464e-01 6.458034937673092779e-01
9.071185731273107011e-01 7.324452193667679856e-01 6.517176237314421527e-01
9.084563128768237128e-01 7.373114504136536462e-01 6.576684342801734084e-01
9.098122501649290594e-01 7.421719339914916169e-01 6.636468136699643638e-01
9.111780957235272593e-01 7.470305845086899765e-01 6.696595752391263368e-01
9.125539294301500126e-01 7.518876928783747582e-01 6.757062380855892725e-01
9.139404639768551331e-01 7.567432836340363123e-01 6.817857667786046960e-01
9.153481567945904729e-01 7.615934195093969628e-01 6.878880649909780987e-01
9.167672001571998130e-01 7.664424894801199484e-01 6.940217357022171463e-01
9.181979022265810420e-01 7.712906810954774928e-01 7.001861662941214481e-01
9.196455684792974594e-01 7.761362045971830215e-01 7.063759865046427278e-01
9.211126169365579930e-01 7.809784744974170856e-01 7.125884635347393692e-01
9.225925658427436282e-01 7.858203843156221780e-01 7.188294627149656169e-01
9.240863437601837260e-01 7.906618776065421628e-01 7.250978248201844778e-01
9.256059253327618697e-01 7.954987025858116789e-01 7.313814866564718464e-01
9.271395831502474705e-01 8.003357056772891776e-01 7.376916134646933632e-01
9.286876056094349741e-01 8.051730724177085241e-01 7.440277117015546837e-01
9.302622555140654947e-01 8.100065567310004155e-01 7.503772218901773039e-01
9.318539060108851357e-01 8.148400979617762552e-01 7.567494905851217535e-01
9.334610667718560295e-01 8.196745424298020888e-01 7.631458380069808811e-01
9.350962812812430025e-01 8.245056601392387607e-01 7.695531958095181979e-01
9.367501034134483318e-01 8.293372224294222050e-01 7.759809608693934990e-01
9.384205871436177571e-01 8.341702205035793627e-01 7.824309818729748844e-01
9.401224124677813876e-01 8.389997911592477209e-01 7.888877269212305476e-01
9.418425662160879730e-01 8.438308651791852633e-01 7.953645386207840451e-01
9.435830323389927665e-01 8.486630445127123501e-01 8.018591800395635794e-01
9.453550305765402451e-01 8.534927996091392632e-01 8.083595091982623826e-01
9.471457599180185261e-01 8.583248540920686009e-01 8.148789280451533834e-01
9.489631025192423186e-01 8.631568397645421609e-01 8.214088147188137734e-01
9.508087846256844111e-01 8.679885222040847337e-01 8.279470532549256800e-01
9.526745457712032517e-01 8.728229738617154787e-01 8.345024009748316374e-01
9.545749598026603833e-01 8.776557062005478915e-01 8.410587414202306267e-01
9.564989754176022041e-01 8.824906944948268661e-01 8.476279025304513937e-01
9.584498054598472594e-01 8.873272041947983801e-01 8.542061390733795001e-01
9.604345584612016262e-01 8.921632903093835720e-01 8.607852860310053478e-01
9.624420742140847862e-01 8.970028582796596428e-01 8.673774626543144795e-01
9.644872784946666444e-01 9.018415117599095643e-01 8.739656672915365743e-01
9.665594650012595546e-01 9.066829842770773862e-01 8.805615104307024099e-01
9.686635749176782939e-01 9.115260705110270756e-01 8.871590238431372732e-01
9.708034919455280631e-01 9.163699401531895106e-01 8.937532865598888376e-01
9.729704910473376822e-01 9.212176417076594070e-01 9.003536220502811327e-01
9.751815609868391688e-01 9.260643851639969171e-01 9.069399044850446900e-01
9.774207980730996725e-01 9.309154126689619391e-01 9.135293740478817037e-01
9.797019478013845317e-01 9.357670195072623764e-01 9.201050706729160256e-01
9.820182926871906526e-01 9.406217084851765664e-01 9.266730991029579201e-01
9.843739071729306067e-01 9.454788135288768602e-01 9.332265558186634280e-01
9.867719407557972167e-01 9.503380654950176476e-01 9.397586228881678050e-01
9.892073759214962125e-01 9.552017644060696311e-01 9.462702365737246657e-01
9.916915526798163460e-01 9.600677293546330260e-01 9.527406681900515428e-01
9.942114721489739848e-01 9.649414783718816002e-01 9.591713509300946461e-01
