nan nan nan
3.584181390467981059e-04 2.214208961346332463e-04 3.800423453722272141e-04
1.028462876209434822e-03 7.722503828932616261e-04 1.056194116641386970e-03
1.987469527531565694e-03 1.603409663247636584e-03 2.018450603845924410e-03
3.214516780780171147e-03 2.695480269832908286e-03 3.245905041951793486e-03
4.696451182243800704e-03 4.036456534079592082e-03 4.725527679647931016e-03
6.424087419783564012e-03 5.618024348564786517e-03 6.448244004775388963e-03
8.390624957847711909e-03 7.434067228757769603e-03 8.407345323296540676e-03
1.059084271828379838e-02 9.479918330956869921e-03 1.059768660687119592e-02
1.302063658773532258e-02 1.175193425792216834e-02 1.301522730424124405e-02
1.567673082758537159e-02 1.424723024712038107e-02 1.565674529311620461e-02
1.855648673285482941e-02 1.696350500814162651e-02 1.851964741706625325e-02
2.165776973880791795e-02 1.989891922146007353e-02 2.160183798724924983e-02
2.497885366682801866e-02 2.305200804853882804e-02 2.490162408184750167e-02
2.851834964158447144e-02 2.642161619953602505e-02 2.841764527350415862e-02
3.227515200334623441e-02 3.000684852506878969e-02 3.214882017569271888e-02
3.624839628761146459e-02 3.380703162461809463e-02 3.609430492633032561e-02
4.043742599576129193e-02 3.782168347832209898e-02 4.025346036460013960e-02
4.463858245921206030e-02 4.200579596663431975e-02 4.443837591441907736e-02
4.879337920246693688e-02 4.615149938298287319e-02 4.857446089402885775e-02
5.290556988126734334e-02 5.025567016409950710e-02 5.266825380148141417e-02
5.697832843111281381e-02 5.432141780512902279e-02 5.672290166261770988e-02
6.101449097150043327e-02 5.835151927255972232e-02 6.074121672834167235e-02
6.501660551196394855e-02 6.234846818297525711e-02 6.472572566541118233e-02
6.898697253883859237e-02 6.631451490556478090e-02 6.867870973661194256e-02
7.292767846149827982e-02 7.025169957043259084e-02 7.260223792203343574e-02
7.684062340629893573e-02 7.416187947010413617e-02 7.649819445028913090e-02
8.072754449157348855e-02 7.804675198468502550e-02 8.036830185887164357e-02
8.459003545664434132e-02 8.190787389988643530e-02 8.421414044612951511e-02
8.842956332434695477e-02 8.574667779341407781e-02 8.803716478649153965e-02
9.224748263108892288e-02 8.956448601986588542e-02 9.183871783698910329e-02
9.604504764792234917e-02 9.336252271398881586e-02 9.562004305395474524e-02
9.982342293122534183e-02 9.714192414761971262e-02 9.938229485492941495e-02
1.035836924758412603e-01 1.009037477102215641e-01 1.031265476958203031e-01
1.073268676920977605e-01 1.046489797318721771e-01 1.068538039825269181e-01
1.110538943876530071e-01 1.083785423273688764e-01 1.105650009962026448e-01
1.147656589029287522e-01 1.120932994082490530e-01 1.142610169795019448e-01
1.184629935231968079e-01 1.157940619840528707e-01 1.179426765057180193e-01
1.221466812696648252e-01 1.194815928536879512e-01 1.216107552322288621e-01
1.258174601551470539e-01 1.231566107711698776e-01 1.252659841230633897e-01
1.294760269762401383e-01 1.268197941565194220e-01 1.289090532118745136e-01
1.331230407027126639e-01 1.304717844115437508e-01 1.325406149655059540e-01
1.367591255156005436e-01 1.341131888911263614e-01 1.361612872992084833e-01
1.403848735378551704e-01 1.377445835731201385e-01 1.397716562869881496e-01
1.440008472950276841e-01 1.413665154636783439e-01 1.433722786042714026e-01
1.476075819381749976e-01 1.449795047696211814e-01 1.469636837348099745e-01
1.512055872566893111e-01 1.485840468650555524e-01 1.505463759693273507e-01
1.547953495050178596e-01 1.521806140757590575e-01 1.541208362196842541e-01
1.583773330640372845e-01 1.557696573017210706e-01 1.576875236691885063e-01
1.619519819551594464e-01 1.593516074955732276e-01 1.612468772769983516e-01
1.655197212229234938e-01 1.629268770123804000e-01 1.647993171522809386e-01
1.690809581998871380e-01 1.664958608443312116e-01 1.683452458118447070e-01
1.726360836658977216e-01 1.700589377522078172e-01 1.718850493332777507e-01
1.761854729124075480e-01 1.736164713040848906e-01 1.754190984141936194e-01
1.797294867212035352e-01 1.771688108304799170e-01 1.789477493469306679e-01
1.832684722658633469e-01 1.807162923041051306e-01 1.824713449169795831e-01
1.868027639432685849e-01 1.842592391514525363e-01 1.859902152324748592e-01
1.903326841417176396e-01 1.877979630026296032e-01 1.895046784912708393e-01
1.938585439514168562e-01 1.913327643851716886e-01 1.930150416914102329e-01
1.973806438225373938e-01 1.948639333669303364e-01 1.965216012901734866e-01
2.008992741754412337e-01 1.983917501526072935e-01 2.000246438163457707e-01
2.044147159672008995e-01 2.019164856380273321e-01 2.035244464398618947e-01
2.079272412181055740e-01 2.054384019258264638e-01 2.070212775025640495e-01
2.114371135014590508e-01 2.089577528058664257e-01 2.105153970134307495e-01
2.149445883996446982e-01 2.124747842033595790e-01 2.140070571113068532e-01
2.184499139291155578e-01 2.159897345974025051e-01 2.174965024978661732e-01
2.219533309367111573e-01 2.195028354123630399e-01 2.209839708432765337e-01
2.254550734694520386e-01 2.230143113843374714e-01 2.244696931668028750e-01
2.289553691197552254e-01 2.265243809046939560e-01 2.279538941943713426e-01
2.324544393478106818e-01 2.300332563425396271e-01 2.314367926949305043e-01
2.359524997826795145e-01 2.335411443477949933e-01 2.349186017972699769e-01
2.394497605035457166e-01 2.370482461363998539e-01 2.383995292888048123e-01
2.429464263023582982e-01 2.405547577590743669e-01 2.418797778976927715e-01
2.464426969290312575e-01 2.440608703549175251e-01 2.453595455595129482e-01
2.499387673201995952e-01 2.475667703910431339e-01 2.488390256696248470e-01
2.534348278124565756e-01 2.510726398893561861e-01 2.523184073222040080e-01
2.569310643409004058e-01 2.545786566414803276e-01 2.557978755368492396e-01
2.604276586237059821e-01 2.580849944127920903e-01 2.592776114735552140e-01
2.639247883334071565e-01 2.615918231364309787e-01 2.627577926367448691e-01
2.674226272554641737e-01 2.650993090981049738e-01 2.662385930689646907e-01
2.709213454346699468e-01 2.686076151124487943e-01 2.697201835347526333e-01
2.744211093098845589e-01 2.721169006916417388e-01 2.732027316951006757e-01
2.779220818375581215e-01 2.756273222069385298e-01 2.766864022728399708e-01
2.814244226044724795e-01 2.791390330437265033e-01 2.801713572091913962e-01
2.849282879301363036e-01 2.826521837506621448e-01 2.836577558116340492e-01
2.884338309592443528e-01 2.861669221834108323e-01 2.871457548931536374e-01
2.919412017446487151e-01 2.896833936434480838e-01 2.906355089028499483e-01
2.954505473213048794e-01 2.932017410123456957e-01 2.941271700477893769e-01
2.989620117717184389e-01 2.967221048819025375e-01 2.976208884059156623e-01
3.024757362834492036e-01 3.002446236804342528e-01 3.011168120297425532e-01
3.059918591993533443e-01 3.037694337954665036e-01 3.046150870404968347e-01
3.095105160613032536e-01 3.072966696930143904e-01 3.081158577123106479e-01
3.130318396482586474e-01 3.108264640335622886e-01 3.116192665460242872e-01
3.165559600096849446e-01 3.143589477847777425e-01 3.151254543321364565e-01
3.200830044954556808e-01 3.178942503309156176e-01 3.186345602024427959e-01
3.236130977835304234e-01 3.214324995787718464e-01 3.221467216699255287e-01
3.271463619068437079e-01 3.249738220599776573e-01 3.256620746565395130e-01
3.306829162809886702e-01 3.285183430293125983e-01 3.291807535086307412e-01
3.342228777344217194e-01 3.320661865586405082e-01 3.327028909998836492e-01
3.377663605430041849e-01 3.356174756259956427e-01 3.362286183218997637e-01
3.413134764707964619e-01 3.391723321992570206e-01 3.397580650627420873e-01
3.448643348190194580e-01 3.427308773138162956e-01 3.432913591740945347e-01
3.484190424850698853e-01 3.462932311435945598e-01 3.468286269280096423e-01
3.519777040333769147e-01 3.498595130647640938e-01 3.503699928645971351e-01
3.555404217796682698e-01 3.534298417115545599e-01 3.539155797323912944e-01
3.591072958899502177e-01 3.570043350235830304e-01 3.574655084235279778e-01
3.626784244951248848e-01 3.605831102842513847e-01 3.610198979062373414e-01
3.662539038216887644e-01 3.641662841498917724e-01 3.645788651574773942e-01
3.698338283384424163e-01 3.677539726695226996e-01 3.681425250987993003e-01
3.734182909185097543e-01 3.713462912952928963e-01 3.717109905386861146e-01
3.770073830153533034e-01 3.749433548839258279e-01 3.752843721246447162e-01
3.806011948508308262e-01 3.785452776897356153e-01 3.788627783082390565e-01
3.841998156127276465e-01 3.821521733500463092e-01 3.824463153259903825e-01
3.878033336586735325e-01 3.857641548640870499e-01 3.860350871986815147e-01
3.914118367229211248e-01 3.893813345666551906e-01 3.896291957510492621e-01
3.950254121221865033e-01 3.930038240980209818e-01 3.932287406532049001e-01
3.986441469566207041e-01 3.966317343716602162e-01 3.968338194843580302e-01
4.022681283020181908e-01 4.002651755414675105e-01 4.004445278186329338e-01
4.058974433896208045e-01 4.039042569700840857e-01 4.040609593319644532e-01
4.095321797702456412e-01 4.075490871998942999e-01 4.076832059282955445e-01
4.131724254600043778e-01 4.111997739281026409e-01 4.113113578826365635e-01
4.168182690655360401e-01 4.148564239870910497e-01 4.149455039979834114e-01
4.204697998873572207e-01 4.185191433310267439e-01 4.185857317727043059e-01
4.241271080007277261e-01 4.221880370293965568e-01 4.222321275747621949e-01
4.277902843140781730e-01 4.258632092678837910e-01 4.258847768190827665e-01
4.314594206058042225e-01 4.295447633566997769e-01 4.295437641444750931e-01
4.351346095407438441e-01 4.332328017462426795e-01 4.332091735867555915e-01
4.388159446681883513e-01 4.369274260497074125e-01 4.368810887450921276e-01
4.425035204036039116e-01 4.406287370720953223e-01 4.405595929390265786e-01
4.461974319965028024e-01 4.443368348449063254e-01 4.442447693541469733e-01
4.498977754869865620e-01 4.480518186657170276e-01 4.479367011749014194e-01
4.536046476535370853e-01 4.517737871417626949e-01 4.516354717035687139e-01
4.573181459544735650e-01 4.555028382366559936e-01 4.553411644648897583e-01
4.610383684654077441e-01 4.592390693193618145e-01 4.590538632963077625e-01
4.647654138147457314e-01 4.629825772146162755e-01 4.627736524241420901e-01
4.684993811190709123e-01 4.667334582540350607e-01 4.665006165263377302e-01
4.722403699199282934e-01 4.704918083272461860e-01 4.702348407826656973e-01
4.759884801233045803e-01 4.742577229324628774e-01 4.739764109134366188e-01
4.797438119427535619e-01 4.780312972260223892e-01 4.777254132078852522e-01
4.835064658469538368e-01 4.818126260704959640e-01 4.814819345434561693e-01
4.872765425121542981e-01 4.856018040810740621e-01 4.852460623972147391e-01
4.910541427798566505e-01 4.893989256700053692e-01 4.890178848505897791e-01
4.948393676198477587e-01 4.932040850889472527e-01 4.927974905885898482e-01
4.986323180985693937e-01 4.970173764691478424e-01 4.965849688945595530e-01
5.024330953527165189e-01 5.008388938594288131e-01 5.003804096414448122e-01
5.062418005678473998e-01 5.046687312619886345e-01 5.041839032804436016e-01
5.100585349617271502e-01 5.085069826660779668e-01 5.079955408278031825e-01
5.138833997720825275e-01 5.123537420796270281e-01 5.118154138504329431e-01
5.177164962484324118e-01 5.162091035589270183e-01 5.156436144508973474e-01
5.215579256476186032e-01 5.200731612364754008e-01 5.194802352522674971e-01
5.254077892326850519e-01 5.239460093471105528e-01 5.233253693832136122e-01
5.292661882747431434e-01 5.278277422525653462e-01 5.271791104636628367e-01
5.331332240574910841e-01 5.317184544645587874e-01 5.310415525912591805e-01
5.370089978840466571e-01 5.356182406665626061e-01 5.349127903288204422e-01
5.408936110858141300e-01 5.395271957343555913e-01 5.387929186929246717e-01
5.447871650330834425e-01 5.434454147554884651e-01 5.426820331437213207e-01
5.486897611471240888e-01 5.473729930477656547e-01 5.465802295760253671e-01
5.526015009135382128e-01 5.513100261768507648e-01 5.504876043117208351e-01
5.565224858966656418e-01 5.552566099730860127e-01 5.544042540934785990e-01
5.604528177548565582e-01 5.592128405476202158e-01 5.583302760797738129e-01
5.643925982564463872e-01 5.631788143079200504e-01 5.622657678411661086e-01
5.683419292963077796e-01 5.671546279727447404e-01 5.662108273578150275e-01
5.723009129128279193e-01 5.711403785866429050e-01 5.701655530181612974e-01
5.762696513052283365e-01 5.751361635340382916e-01 5.741300436187344314e-01
5.802482468511239722e-01 5.791420805529574611e-01 5.781043983650192564e-01
5.842368021242392295e-01 5.831582277484479437e-01 5.820887168733214212e-01
5.882354199122339367e-01 5.871847036057226132e-01 5.860830991735679341e-01
5.922442032345585083e-01 5.912216070030864579e-01 5.900876457129879959e-01
5.962632553603076646e-01 5.952690372246658423e-01 5.941024573606047410e-01
6.002926798260409536e-01 5.993270939729721247e-01 5.981276354124879235e-01
6.043325804535157886e-01 6.033958773813378196e-01 6.021632815977044917e-01
6.083830613673393284e-01 6.074754880262395185e-01 6.062094980849255244e-01
6.124442270125087795e-01 6.115660269395283288e-01 6.102663874896244733e-01
6.165161821718000423e-01 6.156675956206015821e-01 6.143340528818321822e-01
6.205990319830528845e-01 6.197802960485135904e-01 6.184125977944042729e-01
6.246928819562879154e-01 6.239042306940540961e-01 6.225021262317503856e-01
6.287978379906931092e-01 6.280395025318030733e-01 6.266027426790006238e-01
6.329140063914514558e-01 6.321862150521786461e-01 6.307145521115677944e-01
6.370414938864269461e-01 6.363444722734825643e-01 6.348376600050741336e-01
6.411804076427181087e-01 6.405143787539535616e-01 6.389721723456178726e-01
6.453308552830623324e-01 6.446960396038440289e-01 6.431181956403480005e-01
6.494929449021046297e-01 6.488895604975281062e-01 6.472758369283275748e-01
6.536667850825558235e-01 6.530950476856318687e-01 6.514452037916637073e-01
6.578524849112126205e-01 6.573126080072200228e-01 6.556264043668823538e-01
6.620501539948839831e-01 6.615423489020181291e-01 6.598195473565345859e-01
6.662599024762032585e-01 6.657843784226947781e-01 6.640247420410145818e-01
6.704818410493524894e-01 6.700388052472002753e-01 6.682420982905780127e-01
6.747160809756949096e-01 6.743057386911692763e-01 6.724717265775508324e-01
6.789627340993377169e-01 6.785852887203904782e-01 6.767137379887114834e-01
6.832219128626236815e-01 6.828775659633493644e-01 6.809682442378440781e-01
6.874937303215603590e-01 6.871826817238481100e-01 6.852353576784465661e-01
6.917783001612063387e-01 6.915007479937073098e-01 6.895151913166008839e-01
6.960757367110138594e-01 6.958318774655484207e-01 6.938078588239762201e-01
7.003861549601362313e-01 7.001761835456706828e-01 6.981134745509864903e-01
7.047096705727170507e-01 7.045337803670121968e-01 7.024321535400752659e-01
7.090463999031638709e-01 7.089047828022138065e-01 7.067640115391424782e-01
7.133964600114046650e-01 7.132893064767815705e-01 7.111091650150936916e-01
7.177599686781699351e-01 7.176874677823431581e-01 7.154677311675272655e-01
7.221370444202522831e-01 7.220993838900265915e-01 7.198398279425420876e-01
7.265278065058198287e-01 7.265251727639309154e-01 7.242255740466759795e-01
7.309323749697238526e-01 7.309649531747242079e-01 7.286250889609674486e-01
7.353508706288611751e-01 7.354188447133490625e-01 7.330384929551465589e-01
7.397834150975659551e-01 7.398869678048534126e-01 7.374659071019502576e-01
7.442301308030528917e-01 7.443694437223452587e-01 7.419074532915657105e-01
7.486911410009247092e-01 7.488663946010665207e-01 7.463632542462028674e-01
7.531665697907262702e-01 7.533779434526087782e-01 7.508334335347969235e-01
7.576565421315785143e-01 7.579042141792576848e-01 7.553181155878434527e-01
7.621611838578919995e-01 7.624453315884716087e-01 7.598174257123651021e-01
7.666806216951557174e-01 7.670014214075098202e-01 7.643314901070190626e-01
7.712149832758146140e-01 7.715726102982013446e-01 7.688604358773380998e-01
7.757643971552625750e-01 7.761590258718584767e-01 7.734043910511180231e-01
7.803289928279045773e-01 7.807607967043536101e-01 7.779634845939460419e-01
7.849089007433671661e-01 7.853780523513433920e-01 7.825378464248811117e-01
7.895042523227868703e-01 7.900109233636577466e-01 7.871276074322790528e-01
7.941151799752586005e-01 7.946595413028479937e-01 7.917328994897774308e-01
7.987418171143736423e-01 7.993240387569148231e-01 7.963538554724387541e-01
8.033842981749251821e-01 8.040045493561929213e-01 8.009906092730494365e-01
8.080427586297289633e-01 8.087012077894260020e-01 8.056432958185918425e-01
8.127173350066044799e-01 8.134141498200159193e-01 8.103120510868815352e-01
8.174081649055108256e-01 8.181435123024537459e-01 8.149970121233790499e-01
8.221153870158218746e-01 8.228894331989496935e-01 8.196983170581790823e-01
8.268391411337875363e-01 8.276520515962472180e-01 8.244161051231856385e-01
8.315795681801582129e-01 8.324315077226381865e-01 8.291505166694682627e-01
8.363368102179721264e-01 8.372279429651874327e-01 8.339016931848152181e-01
8.411110104705462609e-01 8.420414998871500467e-01 8.386697773114780707e-01
8.459023133396391669e-01 8.468723222456152611e-01 8.434549128641194438e-01
8.507108644238161599e-01 8.517205550093592814e-01 8.482572448479680505e-01
8.555368105370055876e-01 8.565863443769193841e-01 8.530769194771774533e-01
8.603802997272751441e-01 8.614698377948979413e-01 8.579140841934110862e-01
8.652414812958023616e-01 8.663711839764958178e-01 8.627688876846369981e-01
8.701205058160808026e-01 8.712905329202805804e-01 8.676414799041557435e-01
8.750175251533345300e-01 8.762280359292005105e-01 8.725320120898577558e-01
8.799326924841766040e-01 8.811838456298402011e-01 8.774406367837165321e-01
8.848661623164870704e-01 8.861581159919355022e-01 8.823675078515244019e-01
8.898180905095564031e-01 8.911510023481363785e-01 8.873127805028763193e-01
8.947886342944497695e-01 8.961626614140456581e-01 8.922766113114077857e-01
8.997779522946541819e-01 9.011932513085136875e-01 8.972591582352916761e-01
9.047862045469711179e-01 9.062429315742148717e-01 9.022605806380007420e-01
9.098135525226720421e-01 9.113118631985059892e-01 9.072810393093382331e-01
9.148601591489474716e-01 9.164002086345671705e-01 9.123206964867554003e-01
9.199261888306244916e-01 9.215081318228347529e-01 9.173797158769388949e-01
9.250118074721678241e-01 9.266357982127377824e-01 9.224582626777017014e-01
9.301171824999882043e-01 9.317833747847354964e-01 9.275565036001606201e-01
9.352424828850491867e-01 9.369510300726670016e-01 9.326746068912238341e-01
9.403878791657683811e-01 9.421389341864202516e-01 9.378127423563833442e-01
9.455535434712604159e-01 9.473472588349244328e-01 9.429710813828295901e-01
9.507396495448751095e-01 9.525761773494746398e-01 9.481497969628821521e-01
9.559463727680895806e-01 9.578258647073961685e-01 9.533490637177594040e-01
9.611738901847236560e-01 9.630964975560486474e-01 9.585690579216809004e-01
9.664223805255042210e-01 9.683882542371927693e-01 9.638099575263164853e-01
9.716920242329792901e-01 9.737013148117091843e-01 9.690719421855878979e-01
9.769830034868108859e-01 9.790358610846857657e-01 9.743551932808348637e-01
9.822955022294032057e-01 9.843920766308850157e-01 9.796598939463402322e-01
9.876297061919449005e-01 9.897701468205893915e-01 9.849862290952412502e-01
9.929858029208090686e-01 9.951702588458394283e-01 9.903343854458207529e-01
nan nan nan
