1.020817905400349113e-01 1.610845595659606277e-01 3.513105080695547167e-01
1.043235516239968130e-01 1.634173684147387229e-01 3.574331642636578432e-01
1.065571664241107552e-01 1.657454172857904251e-01 3.635558884410285407e-01
1.087803749127463082e-01 1.680656862400062013e-01 3.696961873114184005e-01
1.109837479486687484e-01 1.703643300278706585e-01 3.759277407736635324e-01
1.131790887585243655e-01 1.726592412620300554e-01 3.821576019687663583e-01
1.153601495212781547e-01 1.749413946243365547e-01 3.884340357064026694e-01
1.175245780755154179e-01 1.772075527969354525e-01 3.947744819001781091e-01
1.196808863108420606e-01 1.794711059006473264e-01 4.011110535819648604e-01
1.218169617033220131e-01 1.817140410567184561e-01 4.075369323578056369e-01
1.239411557263083719e-01 1.839496671582861176e-01 4.139850059385100645e-01
1.260534421692959539e-01 1.861785757624527249e-01 4.204535584037928930e-01
1.281441035335698919e-01 1.883864968138838636e-01 4.270152206597863653e-01
1.302259885007985007e-01 1.905939463530277322e-01 4.335681526735074565e-01
1.322859249674986637e-01 1.927815041398158180e-01 4.402102261208690193e-01
1.343320278213593899e-01 1.949625635401782409e-01 4.468758525921988078e-01
1.363620162379980405e-01 1.971346172498643079e-01 4.535786839826775885e-01
1.383700594882738832e-01 1.992899049620186491e-01 4.603577565968082763e-01
1.403668558465425986e-01 2.014458540820915355e-01 4.671292394695941153e-01
1.423341184164426398e-01 2.035762208287537067e-01 4.740218196979993359e-01
1.442903545937795351e-01 2.057102292299525792e-01 4.808952589051142534e-01
1.462171108372266048e-01 2.078220128556861335e-01 4.878756141126319723e-01
1.481282783118851309e-01 2.099337985926473804e-01 4.948575934482071781e-01
1.500106207119315527e-01 2.120281713847100291e-01 5.019260220510786130e-01
1.518726839438322984e-01 2.141195076606546843e-01 5.090140741165315452e-01
1.537046732604578914e-01 2.161961524717939120e-01 5.161788349347150584e-01
1.555128852077572177e-01 2.182693382232316903e-01 5.233691334742641699e-01
1.572874467394025089e-01 2.203282051556006427e-01 5.306382363688348924e-01
1.590362313443171860e-01 2.223861914038630649e-01 5.379253121424720785e-01
1.607449219542340657e-01 2.244276609689854207e-01 5.453061420308151774e-01
1.624277345927837568e-01 2.264742009097205910e-01 5.526825491337755691e-01
1.640604572985097653e-01 2.284992994712407577e-01 5.601813654423405398e-01
1.656634155235628403e-01 2.305318884218931497e-01 5.676710141257107489e-01
1.672142755728840136e-01 2.325498047602436724e-01 5.752585749237468793e-01
1.687217503721631651e-01 2.345681348630164753e-01 5.828779445517475732e-01
1.701828477939802964e-01 2.365883278781020782e-01 5.905270048141813000e-01
1.715786367464079698e-01 2.385963068930952447e-01 5.982768343384954335e-01
1.729233106396206587e-01 2.406129667340026201e-01 6.060356591609645793e-01
1.742027430130480004e-01 2.426307609055080028e-01 6.138454372855027819e-01
1.754036772706222269e-01 2.446453567215617908e-01 6.217345145417968455e-01
1.765338375882221367e-01 2.466718506387167165e-01 6.296401573549457176e-01
1.775850538865074435e-01 2.487114250722365361e-01 6.375661706425072017e-01
1.785302990813053270e-01 2.507530942209089120e-01 6.455773746954045489e-01
1.793746356725638702e-01 2.528121519030535058e-01 6.536134489685062610e-01
1.801087518459339176e-01 2.548935650696477206e-01 6.616651353646222367e-01
1.807192202809602410e-01 2.570012592997757417e-01 6.697305360946865793e-01
1.811908257761107865e-01 2.591402270474273961e-01 6.778052853003094791e-01
1.815064358348249252e-01 2.613167609603929131e-01 6.858817773136204332e-01
1.816469301136997283e-01 2.635386968597244750e-01 6.939482834765625663e-01
1.815909442232173654e-01 2.658155454566576981e-01 7.019885793084413850e-01
1.813164620296325857e-01 2.681591548387637358e-01 7.099780662231123252e-01
1.807983636729800225e-01 2.705828095156154744e-01 7.178887778783394902e-01
1.800119121745047124e-01 2.731020964339083146e-01 7.256829954236432290e-01
1.789323119024702480e-01 2.757340607270317157e-01 7.333161384165971519e-01
1.775363163219547402e-01 2.784966221049532953e-01 7.407368978510945334e-01
1.758038731175580738e-01 2.814075369808725080e-01 7.478889009762351714e-01
1.736939138863203558e-01 2.844827209963665671e-01 7.547348806466481763e-01
1.712266458578056982e-01 2.877374845402834724e-01 7.611869141134525174e-01
1.684034066748238412e-01 2.911797370803546059e-01 7.671943126743295815e-01
1.652366279141865291e-01 2.948112710215310406e-01 7.727157726282215533e-01
1.617692360219358250e-01 2.986247844191433076e-01 7.777175019432811531e-01
1.580419058965976953e-01 3.026061402805028666e-01 7.821921796461841492e-01
1.540972452341942411e-01 3.067361627760173404e-01 7.861512158703851672e-01
1.499900845531171589e-01 3.109907231557488827e-01 7.896196504479507938e-01
1.457565046631504324e-01 3.153470971577977400e-01 7.926355436123625475e-01
1.414236381733083581e-01 3.197844922359121544e-01 7.952406995440671755e-01
1.370518001151062315e-01 3.242772011552005340e-01 7.974807525742114711e-01
1.326363674138640592e-01 3.288128836847558079e-01 7.993967474388482541e-01
1.281979707936933277e-01 3.333766467154224422e-01 8.010273312179245764e-01
1.237697499522024680e-01 3.379530109106992364e-01 8.024111830353408692e-01
1.193625063939844355e-01 3.425324834817732311e-01 8.035804140226208148e-01
1.149762725431772437e-01 3.471091980961872880e-01 8.045606748434340760e-01
1.106223315137032093e-01 3.516765168050642321e-01 8.053765911682114753e-01
1.063110033639756424e-01 3.562291804578507359e-01 8.060497724472269754e-01
1.020520056295368683e-01 3.607630868459080209e-01 8.065991043740966537e-01
9.785478459043039923e-02 3.652750925308491103e-01 8.070410510032737239e-01
9.373208770413307689e-02 3.697622893873869776e-01 8.073909709490245667e-01
8.969286248666269445e-02 3.742231412974008076e-01 8.076611349573287191e-01
8.574275277649934246e-02 3.786572317718933656e-01 8.078609131454631553e-01
8.189306308688024116e-02 3.830637167909058394e-01 8.079998028752638506e-01
7.815609715876112307e-02 3.874420832667612724e-01 8.080861296912862368e-01
7.454532235514302330e-02 3.917920830184989378e-01 8.081272063330846578e-01
7.107549968872817203e-02 3.961136787791856850e-01 8.081294702592172197e-01
6.776276803125863557e-02 4.004070002085519109e-01 8.080986020457137098e-01
6.462774630959067235e-02 4.046718959932916193e-01 8.080406534913431305e-01
6.168964945896453916e-02 4.089087194158869676e-01 8.079601978459697298e-01
5.896560180562613468e-02 4.131183167489951846e-01 8.078602239387578932e-01
5.647631307428976205e-02 4.173012185366567484e-01 8.077441901757874687e-01
5.424296159411889223e-02 4.214579954290660346e-01 8.076151842117050839e-01
5.228661942790636258e-02 4.255892463097049605e-01 8.074759701501373899e-01
5.062753559722881630e-02 4.296955888572726590e-01 8.073290287776964114e-01
4.928430714984480959e-02 4.337776520623605192e-01 8.071765919071693940e-01
4.827299315419230491e-02 4.378360703120040553e-01 8.070206717415210340e-01
4.760625022139757662e-02 4.418714787307993497e-01 8.068630860288862339e-01
4.729258291548540244e-02 4.458845095283307525e-01 8.067054796577635134e-01
4.734353156344554142e-02 4.498748826904712117e-01 8.065523252308206548e-01
4.774883309018495420e-02 4.538442609823183926e-01 8.064016632625581327e-01
4.850239198590434314e-02 4.577932545653991547e-01 8.062546879270587885e-01
4.959365815123035343e-02 4.617224590305367138e-01 8.061124931568142138e-01
5.100822752348364159e-02 4.656324569164640992e-01 8.059760754843858788e-01
5.272863525452411299e-02 4.695238172232772400e-01 8.058463427535050849e-01
5.473545306858586951e-02 4.733970641331659013e-01 8.057242376024023045e-01
5.701093904684530894e-02 4.772522686801233260e-01 8.056123154729686320e-01
5.952886621016396235e-02 4.810905997962556246e-01 8.055088762722992790e-01
6.226803469679246389e-02 4.849125628004375410e-01 8.054145384657779294e-01
6.520790525219827272e-02 4.887186487267282664e-01 8.053298643600630413e-01
6.832897468816001574e-02 4.925093345327800631e-01 8.052553638265553815e-01
7.161302388607715397e-02 4.962850833231775005e-01 8.051914976108341948e-01
7.504422969961405121e-02 5.000461527113072568e-01 8.051395081422275668e-01
7.860576245726919042e-02 5.037932609398710904e-01 8.050985747493482059e-01
8.228378479375408894e-02 5.075268486549540103e-01 8.050689245611335476e-01
8.606600858338117610e-02 5.112473167588710288e-01 8.050508611196860453e-01
8.994147043813971454e-02 5.149550535720788247e-01 8.050446523105296848e-01
9.390043543814483029e-02 5.186504351249534572e-01 8.050505316463766325e-01
9.793412623860953126e-02 5.223338746561836388e-01 8.050684596737011089e-01
1.020348792241530245e-01 5.260057595898672833e-01 8.050984146707751421e-01
1.061961123453977474e-01 5.296664210036015064e-01 8.051405553932945436e-01
1.104120552062181904e-01 5.333161785658692144e-01 8.051950127120376388e-01
1.146776618593371155e-01 5.369553406565007458e-01 8.052618906448587577e-01
1.189884663270384946e-01 5.405842335665786980e-01 8.053411101642732328e-01
1.233403193667812203e-01 5.442033122507280440e-01 8.054317826143583270e-01
1.277302890387446155e-01 5.478127067952452967e-01 8.055346823414536450e-01
1.321555515283455440e-01 5.514126733261504043e-01 8.056498378106052849e-01
1.366136770896196340e-01 5.550034572617152939e-01 8.057772555544516768e-01
1.411025863528132251e-01 5.585852932943082827e-01 8.059169209697848446e-01
1.456205026664867674e-01 5.621584147456035740e-01 8.060687411909820410e-01
1.501657165743144340e-01 5.657233241764044740e-01 8.062308309139835094e-01
1.547373265415322163e-01 5.692799500242118338e-01 8.064047494998841659e-01
1.593343330041943617e-01 5.728284769994831382e-01 8.065904300639883395e-01
1.639559323112771139e-01 5.763690790021988031e-01 8.067877887487435729e-01
1.686014973270991701e-01 5.799019189731533519e-01 8.069967255596752764e-01
1.732705604437633495e-01 5.834271487256225130e-01 8.072171252328504965e-01
1.779628439237821436e-01 5.869450078818428951e-01 8.074481300214969570e-01
1.826782989200426977e-01 5.904557399994686540e-01 8.076886700241727723e-01
1.874168067803853310e-01 5.939592470333742158e-01 8.079401183705418044e-01
1.921784074202307346e-01 5.974556296336945849e-01 8.082023326993121870e-01
1.969632396693875576e-01 6.009449765341225991e-01 8.084751602826740768e-01
2.017715336336177168e-01 6.044273642757179710e-01 8.087584391833979591e-01
2.066036039187960638e-01 6.079028569162818751e-01 8.090519994870927212e-01
2.114598435921485886e-01 6.113715057266150277e-01 8.093556646171502500e-01
2.163408116934331660e-01 6.148333864385076009e-01 8.096688976651795766e-01
2.212474809515000973e-01 6.182886680590714557e-01 8.099900558638295500e-01
2.261800081847334387e-01 6.217371605495007891e-01 8.103207842677740969e-01
2.311390404513536390e-01 6.251788586955460136e-01 8.106609166722638093e-01
2.361252792201912754e-01 6.286137432294197636e-01 8.110102877455026560e-01
2.411394768242610676e-01 6.320417805032765290e-01 8.113687349320541919e-01
2.461824330387507032e-01 6.354629221711299847e-01 8.117361004868594021e-01
2.512549917207256289e-01 6.388771048845248712e-01 8.121122336466084501e-01
2.563580374500138426e-01 6.422842500081511474e-01 8.124969929445452488e-01
2.614924921130499791e-01 6.456842633624439998e-01 8.128902486738385225e-01
2.666593113728562559e-01 6.490770350012182721e-01 8.132918855034116934e-01
2.718594809697252312e-01 6.524624390334169410e-01 8.137018052485438524e-01
2.770940127985345169e-01 6.558403334991471656e-01 8.141199297966531523e-01
2.823639407098416654e-01 6.592105603113197487e-01 8.145462041863020808e-01
2.876703159835733992e-01 6.625729452753769122e-01 8.149805998346965064e-01
2.930142024260738998e-01 6.659272982007369279e-01 8.154231179056833367e-01
2.983966710438515357e-01 6.692734131187377811e-01 8.158737928064836442e-01
3.038187942507466488e-01 6.726110686228822244e-01 8.163326957971036579e-01
3.092816395695782150e-01 6.759400283481652449e-01 8.167999386915668625e-01
3.147862627948807557e-01 6.792600416069772828e-01 8.172756776247575017e-01
3.203337005902448520e-01 6.825708441996349851e-01 8.177601168528720876e-01
3.259249625023185049e-01 6.858721594177772385e-01 8.182535125492368389e-01
3.315610223837738846e-01 6.891636992586805954e-01 8.187561765506691236e-01
3.372428092296763102e-01 6.924451658678916210e-01 8.192684800027970615e-01
3.429711974458953816e-01 6.957162532263241328e-01 8.197908568458920353e-01
3.487469965841764052e-01 6.989766490961096812e-01 8.203238070760932032e-01
3.545709405968510142e-01 7.022260372368124282e-01 8.208678997105949282e-01
3.604436766838493567e-01 7.054640999002136370e-01 8.214237753797302144e-01
3.663657538262610758e-01 7.086905206075141406e-01 8.219921484642425114e-01
3.723376111233490660e-01 7.119049872075702279e-01 8.225738086927368853e-01
3.783612572236449978e-01 7.151071080393947010e-01 8.231677825633839651e-01
3.844360571427412054e-01 7.182966055850755760e-01 8.237760240560343394e-01
3.905612998668614999e-01 7.214732344289732646e-01 8.244003922770062331e-01
3.967368365470112512e-01 7.246367366868585735e-01 8.250420155153027624e-01
4.029623487068896837e-01 7.277868788803341094e-01 8.257020949260233111e-01
4.092373394547828558e-01 7.309234563047081190e-01 8.263819006474197870e-01
4.155628722140442544e-01 7.340461455640435728e-01 8.270811365776796764e-01
4.219376261624365743e-01 7.371548251339684610e-01 8.278017190346620424e-01
4.283591295026076828e-01 7.402495194418922120e-01 8.285464176409230719e-01
4.348260619792782000e-01 7.433301899746447283e-01 8.293167497472461180e-01
4.413369054460160035e-01 7.463968488278019953e-01 8.301142630425843993e-01
4.478924594678034832e-01 7.494492767914980869e-01 8.309384419424874491e-01
4.544883554143235860e-01 7.524878510352482897e-01 8.317930034543549178e-01
4.611221363645656157e-01 7.555127994240278255e-01 8.326798159230480723e-01
4.677915103770898253e-01 7.585243747221414035e-01 8.336004476111987804e-01
4.744957311128812916e-01 7.615226650181859958e-01 8.345551478176801430e-01
4.812304597275487983e-01 7.645082646107810298e-01 8.355467976034164357e-01
4.879926169827348281e-01 7.674816656032584783e-01 8.365771062893071486e-01
4.947795038546951019e-01 7.704433558376023727e-01 8.376473536330715230e-01
5.015889143383270854e-01 7.733937916218810438e-01 8.387583519400955145e-01
5.084166927878434050e-01 7.763337670911775179e-01 8.399121598053410631e-01
5.152599185443172969e-01 7.792639448044662576e-01 8.411098246702384262e-01
5.221156475433764710e-01 7.821850345774888913e-01 8.423523052003292211e-01
5.289806670579710879e-01 7.850978343539369853e-01 8.436406366783705257e-01
5.358520949678962086e-01 7.880031308839773319e-01 8.449755439607893326e-01
5.427272110863869958e-01 7.909017216347477008e-01 8.463575740411782844e-01
5.496024609005387696e-01 7.937945913350618055e-01 8.477877195254737153e-01
5.564757984930593926e-01 7.966824932252297709e-01 8.492659753114700782e-01
5.633449977431015387e-01 7.995662379314379953e-01 8.507924195084897168e-01
5.702075975955529508e-01 8.024467070937277846e-01 8.523672383907860972e-01
5.770602687184031021e-01 8.053249820390180336e-01 8.539910788848836809e-01
5.839023991916775236e-01 8.082016394615560984e-01 8.556630018978600427e-01
5.907322470415080629e-01 8.110774867927696974e-01 8.573827314056596816e-01
5.975477520270365828e-01 8.139534140818278640e-01 8.591501624189115116e-01
6.043464640903679630e-01 8.168304144091425023e-01 8.609653872481288772e-01
6.111285367128297397e-01 8.197089465050769741e-01 8.628271027180607344e-01
6.178928467898163746e-01 8.225897369479380217e-01 8.647347289012619065e-01
6.246383137114565054e-01 8.254735097422463141e-01 8.666876818548010508e-01
6.313624631098300188e-01 8.283613087619593474e-01 8.686861014230652378e-01
6.380663543668690929e-01 8.312533952331474518e-01 8.707283428799168501e-01
6.447493887454002204e-01 8.341503924357849264e-01 8.728136529099809193e-01
6.514110721796576575e-01 8.370528990886995091e-01 8.749412543975689793e-01
6.580503266994348621e-01 8.399616514642671561e-01 8.771106795367157316e-01
6.646668988935842126e-01 8.428771932952056067e-01 8.793210818339234347e-01
6.712613714896753514e-01 8.457998605330836472e-01 8.815712525593736304e-01
6.778336108312890129e-01 8.487301521463799236e-01 8.838603628489786201e-01
6.843835498536976480e-01 8.516685456745817229e-01 8.861875820753354338e-01
6.909107790530787385e-01 8.546155996352747808e-01 8.885522642136901572e-01
6.974154579382331187e-01 8.575717261084504495e-01 8.909535268239541228e-01
7.038981849995807893e-01 8.605372166123592681e-01 8.933903201536246286e-01
7.103591033936272892e-01 8.635124693286901909e-01 8.958618305446106600e-01
7.167983913890932923e-01 8.664978666093823279e-01 8.983672533023340234e-01
7.232162356204455689e-01 8.694937818913237582e-01 9.009058031809162870e-01
7.296128615843064935e-01 8.725005716966471869e-01 9.034766994924717798e-01
7.359887916333305302e-01 8.755185057189085462e-01 9.060790539007769206e-01
7.423443022680615844e-01 8.785479115063443700e-01 9.087121047732024115e-01
7.486796817994574305e-01 8.815891069134456082e-01 9.113751020365910005e-01
7.549952263768907601e-01 8.846424013676872367e-01 9.140673070495115571e-01
7.612917100047549290e-01 8.877079647786986216e-01 9.167877930955430354e-01
7.675694237034016432e-01 8.907860931939889371e-01 9.195358499442061184e-01
7.738284873707884648e-01 8.938771260162453602e-01 9.223108465053566629e-01
7.800692011309887652e-01 8.969813477156931558e-01 9.251120813422096800e-01
7.862918544717081293e-01 9.000990411971944161e-01 9.279388607116911825e-01
7.924976375077361634e-01 9.032302242994664221e-01 9.307901192358851716e-01
7.986869525809175974e-01 9.063751339510673910e-01 9.336651164376565948e-01
8.048593409926004805e-01 9.095342558813048761e-01 9.365634595579306332e-01
8.110150244750388149e-01 9.127078777983919089e-01 9.394844637364675455e-01
8.171542499238406698e-01 9.158962782037008976e-01 9.424274192408426121e-01
8.232801824065941743e-01 9.190988628225745805e-01 9.453903920015535034e-01
8.293903332771571657e-01 9.223167154257180256e-01 9.483737514986531059e-01
8.354847728146116426e-01 9.255501657291225204e-01 9.513767803956764135e-01
8.415644320486436181e-01 9.287992846723501783e-01 9.543983624601873883e-01
8.476323390772367850e-01 9.320635027824051289e-01 9.574364453450975310e-01
8.536849499397038965e-01 9.353442507096733083e-01 9.604916533842250415e-01
8.597221406585027204e-01 9.386419343321176223e-01 9.635631159222798336e-01
8.657502061160790019e-01 9.419549894904347687e-01 9.666471143765086316e-01
8.717626285090243066e-01 9.452858007076919700e-01 9.697452544679899811e-01
8.777619614524261316e-01 9.486339801519229065e-01 9.728551205769534471e-01
8.837504408176376502e-01 9.519992491919998523e-01 9.759741825419473438e-01
8.897228272888327849e-01 9.553836799628497856e-01 9.791029746060530004e-01
8.956868810718843221e-01 9.587853332602930267e-01 9.822358416086506283e-01
9.016341941905198221e-01 9.622073564536212098e-01 9.853740346216158796e-01
9.075708029603306581e-01 9.656484549135474493e-01 9.885115285214488567e-01
9.134933929860873381e-01 9.691103434010895912e-01 9.916458161446416453e-01
9.193987859164094445e-01 9.725948197556005814e-01 9.947732899668556561e-01
9.252868506236351376e-01 9.761029137977955683e-01 9.978871388456461711e-01
