1.888885401939837949e-01 1.916390755017990943e-01 3.959270350965842789e-01
1.909596361096962680e-01 1.937502799049707347e-01 4.021178050469241816e-01
1.930235369764256304e-01 1.958595885531783098e-01 4.083104927837239995e-01
1.950755991696204172e-01 1.979601623490062634e-01 4.145455158205540447e-01
1.971124458625431175e-01 2.000472400353064395e-01 4.208505881498885159e-01
1.991417581627286104e-01 2.021333732861589905e-01 4.271551549654026836e-01
2.011524580513462945e-01 2.042019109507381414e-01 4.335541115558300129e-01
2.031529407948255983e-01 2.062665632061292942e-01 4.399708982602938412e-01
2.051402985939627110e-01 2.083235031852356811e-01 4.464279874528759851e-01
2.071102701788523626e-01 2.103669770348921553e-01 4.529580529314818915e-01
2.090717742564262016e-01 2.124113937170198918e-01 4.594824147052413710e-01
2.110096998664674484e-01 2.144347366288307244e-01 4.661230967808531189e-01
2.129382021446596940e-01 2.164593327799037015e-01 4.727586338412497757e-01
2.148465492391175014e-01 2.184701274027119888e-01 4.794723068063953542e-01
2.167397512065912801e-01 2.204756969775498732e-01 4.862185944241385616e-01
2.186154109747500685e-01 2.224736793359815001e-01 4.930115689320480610e-01
2.204706893386293443e-01 2.244612892416916194e-01 4.998674149263136468e-01
2.223100419716620979e-01 2.264462696007122910e-01 5.067461348595989623e-01
2.241244036615124280e-01 2.284173239548512035e-01 5.137094251759410923e-01
2.259232349212136892e-01 2.303892518145063684e-01 5.206803145800623644e-01
2.276932649625145744e-01 2.323455680822930081e-01 5.277478331268031786e-01
2.294466673668379419e-01 2.343046177624693582e-01 5.348170912137145683e-01
2.311684687396383109e-01 2.362485164147007377e-01 5.419843108600352899e-01
2.328707247827266347e-01 2.381951982486458785e-01 5.491576429647189173e-01
2.345398494111491372e-01 2.401296074967841365e-01 5.564184847254851629e-01
2.361842940238522148e-01 2.420649104043179345e-01 5.637007552629825780e-01
2.377956641663720450e-01 2.439934872792521858e-01 5.710473131046144291e-01
2.393745235542644179e-01 2.459190590919783648e-01 5.784421049236229129e-01
2.409223431355334566e-01 2.478463275260300303e-01 5.858643344615902526e-01
2.424265473278652827e-01 2.497646996761896943e-01 5.933733978473562098e-01
2.439002258478690233e-01 2.516920713232100870e-01 6.008804110592071979e-01
2.453231703338681347e-01 2.536110679028795722e-01 6.084813430985577254e-01
2.467051517402005234e-01 2.555362434978617481e-01 6.161056877008185273e-01
2.480445159972684555e-01 2.574700792492040091e-01 6.237464501024826413e-01
2.493212586139285092e-01 2.593990852100170885e-01 6.314822788060181491e-01
2.505492210354570148e-01 2.613414457968917248e-01 6.392247106948925062e-01
2.517233799510120162e-01 2.632979093358914224e-01 6.469780698713467615e-01
2.528203608729873153e-01 2.652561738624785725e-01 6.548194715203157212e-01
2.538529279609487155e-01 2.672334669989369638e-01 6.626669976301092779e-01
2.548147615641446206e-01 2.692319332082139804e-01 6.705211714995642502e-01
2.556972599902043730e-01 2.712532203597881053e-01 6.783871287526271887e-01
2.564811911710733749e-01 2.732942757436107595e-01 6.863004797423507553e-01
2.571720255339587924e-01 2.753680923243475021e-01 6.942060282134538962e-01
2.577606389248925378e-01 2.774793240350229562e-01 7.020981641157169051e-01
2.582370891178578098e-01 2.796334782359144455e-01 7.099689796265030717e-01
2.585906482485743063e-01 2.818370227977831655e-01 7.178077975058273497e-01
2.588098863974054864e-01 2.840974747433753778e-01 7.256006865015341978e-01
2.588828226982992087e-01 2.864234531190854027e-01 7.333300004121461324e-01
2.587971612654574316e-01 2.888246739316321920e-01 7.409739933338898021e-01
2.585406279545448549e-01 2.913118611697985694e-01 7.485065798531717052e-01
2.581014192954573239e-01 2.938965467872601822e-01 7.558973220161835371e-01
2.574687656616135856e-01 2.965907361430190625e-01 7.631117297423356538e-01
2.566335961567994262e-01 2.994064258780451682e-01 7.701119518903756234e-01
2.555892731783188099e-01 3.023549798122728283e-01 7.768579059407832998e-01
2.543246649283255612e-01 3.054467120663969526e-01 7.833163628485598773e-01
2.528414163383920776e-01 3.086902307830693970e-01 7.894434206608214044e-01
2.511537290675113776e-01 3.120900320018668017e-01 7.951939888843519988e-01
2.492714142967384916e-01 3.156471289356425070e-01 8.005388601875671473e-01
2.472060258828151502e-01 3.193592061980989327e-01 8.054575113699464772e-01
2.449885325960132754e-01 3.232173681664887166e-01 8.099318549997184258e-01
2.426426904939680274e-01 3.272103969122917011e-01 8.139607834678547205e-01
2.401982143346858556e-01 3.313233543133751180e-01 8.175520322442743071e-01
2.376802450600343231e-01 3.355405638970032633e-01 8.207231300934825224e-01
2.351175087061115332e-01 3.398445147903569885e-01 8.234976661724200397e-01
2.325380625418049241e-01 3.442174050421868414e-01 8.259045921890960651e-01
2.299557243140578633e-01 3.486456727931709354e-01 8.279741894941736735e-01
2.273886246773307307e-01 3.531153224252338019e-01 8.297370394442555863e-01
2.248667846410623561e-01 3.576094631323408213e-01 8.312272549471392269e-01
2.223904749743753628e-01 3.621211625428533143e-01 8.324711453268107686e-01
2.199708264764492216e-01 3.666412661143872431e-01 8.334953089729359998e-01
2.176177585644010759e-01 3.711619070564182166e-01 8.343243872843248976e-01
2.153406151634211785e-01 3.756762324721722446e-01 8.349812730297322405e-01
2.131537340304294204e-01 3.801764951209850030e-01 8.354899727751796679e-01
2.110539067191650187e-01 3.846613405130602792e-01 8.358645949432860212e-01
2.090463080760071590e-01 3.891272817879372070e-01 8.361212959728679950e-01
2.071353740945101607e-01 3.935715621697563060e-01 8.362745001780925724e-01
2.053249094444168921e-01 3.979920441751810256e-01 8.363370560631951944e-01
2.036181787007708688e-01 4.023871112912203452e-01 8.363203919692593358e-01
2.020179823933666574e-01 4.067555821145690254e-01 8.362346654293072445e-01
2.005267193818818239e-01 4.110966363092325437e-01 8.360889028505993359e-01
1.991464372324736054e-01 4.154097513866967240e-01 8.358911277457932165e-01
1.978788722989825999e-01 4.196946491534758183e-01 8.356484768411792663e-01
1.967254811491668254e-01 4.239512506372944967e-01 8.353673041240002872e-01
1.956874648612050849e-01 4.281796383468661760e-01 8.350532733526097040e-01
1.947657875732012045e-01 4.323800248074327057e-01 8.347114398214561248e-01
1.939611905156756189e-01 4.365527264222083259e-01 8.343463223074071289e-01
1.932742026039954708e-01 4.406981418240866755e-01 8.339619661686709096e-01
1.927051485204862857e-01 4.448167339934561704e-01 8.335619985546115496e-01
1.922541550777300823e-01 4.489090155217280720e-01 8.331496766364836493e-01
1.919211565266258079e-01 4.529755364937168571e-01 8.327279297011825898e-01
1.917058993555731394e-01 4.570168745444853076e-01 8.322993958730433572e-01
1.916079470204286594e-01 4.610336267177931879e-01 8.318664541493591136e-01
1.916266849482919921e-01 4.650264028146314232e-01 8.314312523580013048e-01
1.917613260714599588e-01 4.689958199723519017e-01 8.309957315728238036e-01
1.920113352213129732e-01 4.729423514044976407e-01 8.305621177832747115e-01
1.923763787625679678e-01 4.768663361618621921e-01 8.301329485847379619e-01
1.928537166845206707e-01 4.807689052155530995e-01 8.297080310314993712e-01
1.934419428735175139e-01 4.846506701517737103e-01 8.292886444617206809e-01
1.941395232271820592e-01 4.885122336410214205e-01 8.288759486061213488e-01
1.949448053868728936e-01 4.923541881425876343e-01 8.284709944700485718e-01
1.958560291484364724e-01 4.961771149034325812e-01 8.280747339051292011e-01
1.968713374339942646e-01 4.999815831952506007e-01 8.276880280468613682e-01
1.979887876942145186e-01 5.037681497436536926e-01 8.273116547696044432e-01
1.992065846068636348e-01 5.075372706167879944e-01 8.269466531126004050e-01
2.005228036101827649e-01 5.112894090973238992e-01 8.265939373883363084e-01
2.019346942097479669e-01 5.150253292778741443e-01 8.262531190179139839e-01
2.034401151029966992e-01 5.187455293717874172e-01 8.259247027935591179e-01
2.050368987298362145e-01 5.224504937486691425e-01 8.256091387949265892e-01
2.067228621154686419e-01 5.261406929853014169e-01 8.253068259344558122e-01
2.084958173293607331e-01 5.298165839417269263e-01 8.250181151442177452e-01
2.103535814813271010e-01 5.334786098540383881e-01 8.247433122498164515e-01
2.122939929319447305e-01 5.371271972002562567e-01 8.244826950911042784e-01
2.143147944607352584e-01 5.407628175580905250e-01 8.242362349761409579e-01
2.164138578250051070e-01 5.443858867711650618e-01 8.240040436707257721e-01
2.185891343215192739e-01 5.479967883067797807e-01 8.237862827907710406e-01
2.208386203756314003e-01 5.515958926300820186e-01 8.235830807081417904e-01
2.231603638115584598e-01 5.551835573052072981e-01 8.233945341156714282e-01
2.255524695149905279e-01 5.587601270807621701e-01 8.232207094799778302e-01
2.280131045032880444e-01 5.623259339582599159e-01 8.230616443969535068e-01
2.305402453640402749e-01 5.658814660720147272e-01 8.229164670893086564e-01
2.331324031753565507e-01 5.694269145012376132e-01 8.227857244682966753e-01
2.357879986106263259e-01 5.729625524614242460e-01 8.226694691804300463e-01
2.385055038002977801e-01 5.764886556914470273e-01 8.225676533827444015e-01
2.412834688364939861e-01 5.800054874391443738e-01 8.224802065009052532e-01
2.441205239119759174e-01 5.835132984085588115e-01 8.224070361952795505e-01
2.470153810970426855e-01 5.870123266833272568e-01 8.223480293075434711e-01
2.499668357891750015e-01 5.905027976257413158e-01 8.223030527952970292e-01
2.529736599257078611e-01 5.939850553627713525e-01 8.222711454232520811e-01
2.560348664127055640e-01 5.974592887599389224e-01 8.222521502911224189e-01
2.591496171187620545e-01 6.009255686057375367e-01 8.222465689676154987e-01
2.623170569191163870e-01 6.043840636932044097e-01 8.222542181655080329e-01
2.655364160304460319e-01 6.078349294532976455e-01 8.222748995120163773e-01
2.688070101701803272e-01 6.112783077013334010e-01 8.223084005307966793e-01
2.721282405786562553e-01 6.147143263570759020e-01 8.223544956636668068e-01
2.754995939202372623e-01 6.181430991384885276e-01 8.224129473396774026e-01
2.789206420765859007e-01 6.215647252292476610e-01 8.224835070994945818e-01
2.823910418417768242e-01 6.249792889203463764e-01 8.225659167834075136e-01
2.859105345257275110e-01 6.283868592263209818e-01 8.226599097916336145e-01
2.894789505895419279e-01 6.317874983020929092e-01 8.227651408863128069e-01
2.930962974864912418e-01 6.351813682462034150e-01 8.228802802666477234e-01
2.967624997993976166e-01 6.385683388750816869e-01 8.230062367412379620e-01
3.004776251983630742e-01 6.419484124316204854e-01 8.231427420931484162e-01
3.042418212661933130e-01 6.453215739581732446e-01 8.232895268375582942e-01
3.080553145079638622e-01 6.486877908042069096e-01 8.234463220340692002e-01
3.119184092111927931e-01 6.520470121249967166e-01 8.236128612319238984e-01
3.158314861323615608e-01 6.553991683761891673e-01 8.237888825577223129e-01
3.197950009810849314e-01 6.587441708100725268e-01 8.239741309549868387e-01
3.238094826686023775e-01 6.620819109804562119e-01 8.241683605844311034e-01
3.278755312825654133e-01 6.654122602643460782e-01 8.243713373931192967e-01
3.319938157454206396e-01 6.687350694099369885e-01 8.245828418596745646e-01
3.361650711090167776e-01 6.720501681219827050e-01 8.248026719213807922e-01
3.403900954335013496e-01 6.753573646972428346e-01 8.250306460873028103e-01
3.446697461944019936e-01 6.786564457244599335e-01 8.252666067393488181e-01
3.490049361577451381e-01 6.819471758652557725e-01 8.255104236205758061e-01
3.533966286599796169e-01 6.852292977342516744e-01 8.257619975067628237e-01
3.578458322267925595e-01 6.885025318988075016e-01 8.260212640534698725e-01
3.623541052384678385e-01 6.917666315591518567e-01 8.262870096386077945e-01
3.669224486048257017e-01 6.950212406713015545e-01 8.265596031616039285e-01
3.715517294646100699e-01 6.982659791528547100e-01 8.268397319237380527e-01
3.762430795579798093e-01 7.015004777440735362e-01 8.271275236450746915e-01
3.809976346711291817e-01 7.047243477041758020e-01 8.274231652046023511e-01
3.858165234849876835e-01 7.079371821546428523e-01 8.277269071818423862e-01
3.907008553353671920e-01 7.111385577476385667e-01 8.280390683246858785e-01
3.956517068718840013e-01 7.143280366899228406e-01 8.283600398739697779e-01
4.006706053515619037e-01 7.175051684600316504e-01 8.286894882498216930e-01
4.057599236474567217e-01 7.206694624183780373e-01 8.290258846791915825e-01
4.109188789250343699e-01 7.238204344219882902e-01 8.293726821330825727e-01
4.161482452949317734e-01 7.269576144972034193e-01 8.297306379161512035e-01
4.214486762691360688e-01 7.300805355873724034e-01 8.301006009385207829e-01
4.268210974972271865e-01 7.331887185962342457e-01 8.304829677119391906e-01
4.322682947581508728e-01 7.362815707606598092e-01 8.308757297457552982e-01
4.377877164933459131e-01 7.393587722649418437e-01 8.312837545150929541e-01
4.433792928196175209e-01 7.424199235891517645e-01 8.317083090855730276e-01
4.490431793443827035e-01 7.454646227123111757e-01 8.321502344143079100e-01
4.547814637264657178e-01 7.484923084826859974e-01 8.326081140280977566e-01
4.605902084397971996e-01 7.515029289229865350e-01 8.330871762235719791e-01
4.664682953314492342e-01 7.544962659724098186e-01 8.335890432461163790e-01
4.724165400826828010e-01 7.574719294577612061e-01 8.341131661449598944e-01
4.784318580904452500e-01 7.604299447919519173e-01 8.346628392297308352e-01
4.845111173920057523e-01 7.633704178479423508e-01 8.352409753879629362e-01
4.906533891842768669e-01 7.662932531358697119e-01 8.358480852716499987e-01
4.968554675114773000e-01 7.691986641541505021e-01 8.364866077680781498e-01
5.031131870979225207e-01 7.720870578945150386e-01 8.371594931669925632e-01
5.094242538835231926e-01 7.749586607699144869e-01 8.378677429624934447e-01
5.157845270735030851e-01 7.778140042511251240e-01 8.386137142051574012e-01
5.221897444394970611e-01 7.806537111815469165e-01 8.393995628299212308e-01
5.286362336737788770e-01 7.834783847208691698e-01 8.402267145026267592e-01
5.351195385729518028e-01 7.862888104671381662e-01 8.410969972748556511e-01
5.416356600829932422e-01 7.890857682600534995e-01 8.420116751941757460e-01
5.481794775163735256e-01 7.918702861825491768e-01 8.429726579681853238e-01
5.547474976205946096e-01 7.946431856478620714e-01 8.439804880171645207e-01
5.613359751526808550e-01 7.974053775780594044e-01 8.450357943932480520e-01
5.679386046951104827e-01 8.001582884588395173e-01 8.461408475801217577e-01
5.745537100647314377e-01 8.029025690455636743e-01 8.472946323012892078e-01
5.811778044926976250e-01 8.056392255493407539e-01 8.484973640253166138e-01
5.878042329600458027e-01 8.083699219940099212e-01 8.497512354317007244e-01
5.944327358577464748e-01 8.110951377612015678e-01 8.510542610443144751e-01
6.010604507610162184e-01 8.138158665728251195e-01 8.524061839971072141e-01
6.076817531986551391e-01 8.165337005268240578e-01 8.538084207512443013e-01
6.142959427718440724e-01 8.192492630824795841e-01 8.552593664895450365e-01
6.209016415078830731e-01 8.219633163820450061e-01 8.567579149572895902e-01
6.274959196029737951e-01 8.246769646807086129e-01 8.583039214042902376e-01
6.340747571649990588e-01 8.273915796472266493e-01 8.598978708567224238e-01
6.406394879187806701e-01 8.301073715782889550e-01 8.615372384159946106e-01
6.471886490701401762e-01 8.328251556010097811e-01 8.632211888454365267e-01
6.537202079381622122e-01 8.355458848049968079e-01 8.649492509769151072e-01
6.602310967055564639e-01 8.382707683282768496e-01 8.667215464221025290e-01
6.667231702041238606e-01 8.409998731907206704e-01 8.685355917442164619e-01
6.731956219878634240e-01 8.437338712158277687e-01 8.703904316677436581e-01
6.796477750989349254e-01 8.464734016111716830e-01 8.722851011013823541e-01
6.860777819515186948e-01 8.492193894354881367e-01 8.742192947619815691e-01
6.924851724967977518e-01 8.519724278524090089e-01 8.761920357541979065e-01
6.988711264285744074e-01 8.547326899341335382e-01 8.782015692295147558e-01
7.052353965361199961e-01 8.575006896992428684e-01 8.802469367025096414e-01
7.115778155340301003e-01 8.602769147399592642e-01 8.823271905894833900e-01
7.178982879454034460e-01 8.630618276109138787e-01 8.844413965083824936e-01
7.241958510585977393e-01 8.658561115700879052e-01 8.865890928143567162e-01
7.304707650447820333e-01 8.686601281848596035e-01 8.887692541863920770e-01
7.367240030625196168e-01 8.714740385850081594e-01 8.909805551745886287e-01
7.429556805824959476e-01 8.742982189228820644e-01 8.932221345647657351e-01
7.491659497666683931e-01 8.771330279262192775e-01 8.954931508589735190e-01
7.553549942055856059e-01 8.799788082443816828e-01 8.977927826557831059e-01
7.615230240520531879e-01 8.828358877605173571e-01 9.001202288420155906e-01
7.676702715305875335e-01 8.857045808656464070e-01 9.024747086197957291e-01
7.737966402627878271e-01 8.885852869154275968e-01 9.048556262566770370e-01
7.799023978310865024e-01 8.914782981568272202e-01 9.072622387516207088e-01
7.859883029644172403e-01 8.943837600394536347e-01 9.096935952666934666e-01
7.920546314070990856e-01 8.973019458586071195e-01 9.121489977191801213e-01
7.981016634298825352e-01 9.002331212347044476e-01 9.146277664435077392e-01
8.041296811631262198e-01 9.031775451180419356e-01 9.171292396052967977e-01
8.101389661162651246e-01 9.061354707635902450e-01 9.196527725725440749e-01
8.161297968578202777e-01 9.091071466798799072e-01 9.221977372547335294e-01
8.221024468302597921e-01 9.120928175565987672e-01 9.247635214198216547e-01
8.280571822739504206e-01 9.150927251760906378e-01 9.273495279984537154e-01
8.339942602343005662e-01 9.181071093145060091e-01 9.299551743843259555e-01
8.399139266257946712e-01 9.211362086389123238e-01 9.325798917393590681e-01
8.458164106932993809e-01 9.241802627022536187e-01 9.352231260706446170e-01
8.517020223003420876e-01 9.272394828454264548e-01 9.378842893584835583e-01
8.575709635190283953e-01 9.303141092021403047e-01 9.405628488409938370e-01
8.634234157368536611e-01 9.334043850785632701e-01 9.432582836848535379e-01
8.692595398602458445e-01 9.365105572629177644e-01 9.459700833378831275e-01
8.750794740799695548e-01 9.396328770797121033e-01 9.486977470568230819e-01
8.808833314600531539e-01 9.427716015116335280e-01 9.514407835154404802e-01
8.866711973045203754e-01 9.459269944047293821e-01 9.541987105093222565e-01
8.924431262498209172e-01 9.490993277750082724e-01 9.569710547762032560e-01
8.981991390222761051e-01 9.522888832378432200e-01 9.597573519534435826e-01
9.039392187893284802e-01 9.554959535856212272e-01 9.625571466972470125e-01
9.096633720240134835e-01 9.587208241861949753e-01 9.653699584428442337e-01
9.153720662680722153e-01 9.619636358709476864e-01 9.681950414529804094e-01
9.210646261711274985e-01 9.652248883572710492e-01 9.710322388394424520e-01
9.267408384383138964e-01 9.685049385752794171e-01 9.738811316460852519e-01
9.324004234170356620e-01 9.718041664269895241e-01 9.767413137204264961e-01
9.380430260774772488e-01 9.751229783490228398e-01 9.796123934689676682e-01
9.436682052715958946e-01 9.784618115318522991e-01 9.824939959241024701e-01
9.492754208159529528e-01 9.818211389847771864e-01 9.853857650414620251e-01
9.548640177884927249e-01 9.852014757089536667e-01 9.882873660338457045e-01
