1.314946017014409774e-01 1.444833037066532988e-01 6.106873570968034404e-01
1.343888749107118030e-01 1.449822187327913792e-01 6.193184153659906377e-01
1.372579759934544341e-01 1.454830719321623389e-01 6.279152458846717355e-01
1.401425821175147357e-01 1.458685322131056950e-01 6.366883413717119300e-01
1.430081772826716502e-01 1.462327544833467718e-01 6.454674836765633694e-01
1.458768956431923114e-01 1.465072359351628495e-01 6.543716901904699235e-01
1.487368831897461219e-01 1.467212730958484534e-01 6.633475855427233281e-01
1.515813037700635690e-01 1.468904546452171056e-01 6.723678240610894141e-01
1.544312971717519967e-01 1.469414295900083878e-01 6.815527428928450648e-01
1.572563718278723044e-01 1.469625791181207730e-01 6.907542314056926980e-01
1.600727398191073847e-01 1.468926802291064815e-01 7.000712249706998458e-01
1.628774036245328738e-01 1.467291942473007427e-01 7.095049571707852110e-01
1.656529734876572568e-01 1.465195076636553184e-01 7.189800260196994586e-01
1.684042640315696893e-01 1.462326254777079337e-01 7.285448349994627648e-01
1.711374077169818819e-01 1.458252091792939520e-01 7.382636094339564137e-01
1.738303135325129090e-01 1.453576950403235590e-01 7.480451466806885552e-01
1.764777970555950204e-01 1.448250696979727081e-01 7.578992623508368220e-01
1.790729178799451426e-01 1.442232019673534149e-01 7.678351312387815542e-01
1.816063446158807382e-01 1.435498240028969252e-01 7.778604015798042948e-01
1.840685024153881355e-01 1.427901745050075277e-01 7.880016946584017523e-01
1.864366245606372263e-01 1.419796734781244851e-01 7.982191972249421674e-01
1.886873141500543249e-01 1.411416285756600109e-01 8.084958337787720994e-01
1.907958317591460506e-01 1.402682506558483866e-01 8.188628047103071461e-01
1.927181285572133751e-01 1.394238985952598875e-01 8.292642722748033712e-01
1.943989678155302048e-01 1.386875436067449285e-01 8.396400991684968007e-01
1.957660398328073259e-01 1.381665299586250784e-01 8.499123498811377297e-01
1.967165233832939286e-01 1.379277008422049866e-01 8.600872387019632415e-01
1.971095165661020943e-01 1.382801602784519690e-01 8.698824300675120913e-01
1.967637411428008742e-01 1.395246941150986020e-01 8.790593084851013872e-01
1.954831355761584288e-01 1.420768163848044607e-01 8.872129528921907093e-01
1.931540299756045742e-01 1.463090674787499712e-01 8.938591711929011474e-01
1.898438617818191954e-01 1.522784941669984571e-01 8.986873419920099471e-01
1.857816843762939707e-01 1.596476567571347704e-01 9.017345549773262414e-01
1.812311688849051472e-01 1.679025097884286333e-01 9.032979622660853858e-01
1.763913132755153823e-01 1.765947510371351226e-01 9.037352246696960245e-01
1.713793342488565408e-01 1.854254963626555397e-01 9.033447470335362883e-01
1.662800416558439798e-01 1.942053630349881987e-01 9.023551629449796385e-01
1.611486975495876883e-01 2.028248764966461004e-01 9.009352136328311333e-01
1.559908129433421053e-01 2.112444316814840461e-01 8.991889303329615446e-01
1.508372647198141236e-01 2.194306127045124732e-01 8.972081919804589800e-01
1.457137957168733733e-01 2.273673706307380860e-01 8.950649995047117446e-01
1.406018852019901566e-01 2.350718870543225258e-01 8.927884750570836969e-01
1.355139210958569707e-01 2.425468475125659995e-01 8.904182200268166980e-01
1.304715378123156022e-01 2.497931361157630925e-01 8.879936114111992573e-01
1.254781217598116561e-01 2.568229071957014997e-01 8.855359327055104535e-01
1.205255798140393853e-01 2.636537162343703944e-01 8.830539523619199693e-01
1.156192829264653665e-01 2.702961444788430367e-01 8.805625052446752754e-01
1.107640937299103345e-01 2.767608315187904400e-01 8.780733316417863588e-01
1.059646871411034919e-01 2.830581789931048697e-01 8.755957410972763366e-01
1.012258191186986844e-01 2.891981736923995294e-01 8.731371281384552319e-01
9.655255997319953098e-02 2.951902897433676953e-01 8.707033737796916473e-01
9.195050495157869319e-02 3.010434426370364180e-01 8.682991588878868905e-01
8.742597184383232856e-02 3.067659767286601280e-01 8.659282094429837651e-01
8.298619281969127348e-02 3.123656738468360561e-01 8.635934890673025999e-01
7.863950533483321514e-02 3.178497747248213434e-01 8.612973506270885649e-01
7.439554446865795367e-02 3.232250077318980508e-01 8.590416559803987218e-01
7.026543617007718900e-02 3.284976212586702693e-01 8.568278708608357830e-01
6.627298273800807937e-02 3.336706784728247777e-01 8.546635896835745871e-01
6.242521713655701382e-02 3.387517684129469075e-01 8.525449100935793556e-01
5.873562177307136561e-02 3.437467074117183108e-01 8.504706018829637504e-01
5.522273913760501057e-02 3.486601777522279622e-01 8.484410499615879786e-01
5.190723716703057183e-02 3.534965310417110262e-01 8.464565144825981768e-01
4.881181010377404900e-02 3.582598165363097276e-01 8.445171537583614496e-01
4.596091714390084654e-02 3.629538070320386667e-01 8.426230425726378703e-01
4.339417104203647374e-02 3.675794730462296767e-01 8.407813568264289605e-01
4.112632691351105624e-02 3.721424059024965314e-01 8.389859199990642447e-01
3.916986407760033456e-02 3.766463326100107367e-01 8.372347679094545025e-01
3.759000139306916538e-02 3.810941168203393348e-01 8.355277383493100452e-01
3.639702993198457026e-02 3.854884425637323253e-01 8.338646431486060884e-01
3.559305150425877418e-02 3.898306893807050311e-01 8.322488539754279158e-01
3.517359929961904469e-02 3.941232714093948486e-01 8.306802214855845135e-01
3.512630534289877537e-02 3.983699016865626108e-01 8.291538571808194646e-01
3.544770286702947359e-02 4.025726548263782179e-01 8.276695098446428256e-01
3.613455618824872040e-02 4.067334878055413050e-01 8.262269188636877093e-01
3.719101809490942684e-02 4.108529592261550012e-01 8.248303026828909257e-01
3.860816604418940146e-02 4.149338949935976184e-01 8.234758239525802326e-01
4.038033663314793964e-02 4.189784982247943268e-01 8.221612600410089788e-01
4.244155787247477080e-02 4.229883121481419206e-01 8.208863438121613010e-01
4.476921221611245699e-02 4.269644048464686370e-01 8.196522902952134704e-01
4.733822188059391006e-02 4.309078561322588485e-01 8.184600940354704868e-01
5.011715579781184787e-02 4.348209921522223076e-01 8.173057101012054515e-01
5.308146115250366587e-02 4.387050481486791109e-01 8.161888788299019870e-01
5.620879069937246425e-02 4.425611261976487576e-01 8.151096370650904310e-01
5.948068058324016555e-02 4.463897847631340121e-01 8.140700480207606615e-01
6.287502326049038137e-02 4.501929870480335105e-01 8.130662412726203936e-01
6.637564252479380422e-02 4.539717357075300774e-01 8.120979655164004551e-01
6.996826107833872821e-02 4.577269899018406307e-01 8.111649609045471498e-01
7.364144100642425195e-02 4.614593069355131250e-01 8.102685496747156213e-01
7.738243216233764432e-02 4.651701306539812175e-01 8.094060064548942446e-01
8.118185257169957536e-02 4.688602907538285680e-01 8.085770598671235820e-01
8.503156641394990500e-02 4.725305781108059544e-01 8.077814525555121472e-01
8.892467346748586521e-02 4.761816860792100203e-01 8.070192283429958868e-01
9.285453910493601803e-02 4.798145721960656584e-01 8.062890311103181329e-01
9.681597638136696382e-02 4.834299286841839405e-01 8.055905766473498986e-01
1.008045219548165672e-01 4.870284141804252509e-01 8.049236046337457928e-01
1.048160565297835134e-01 4.906108167530319197e-01 8.042870657175579252e-01
1.088473494066280467e-01 4.941777326923643687e-01 8.036807090213109461e-01
1.128956332028231979e-01 4.977297297067823645e-01 8.031043068088429271e-01
1.169585244867134555e-01 5.012673604355785129e-01 8.025575906293489492e-01
1.210335999413524877e-01 5.047914676435049097e-01 8.020386088166040484e-01
1.251194349126767136e-01 5.083023843824473476e-01 8.015479729679105825e-01
1.292146369391158622e-01 5.118005676527126457e-01 8.010855522705025988e-01
1.333180031045087255e-01 5.152864832272793238e-01 8.006510658771249789e-01
1.374282257315617151e-01 5.187609673910583696e-01 8.002419904870479161e-01
1.415447616831991273e-01 5.222242155253434825e-01 7.998592994240905085e-01
1.456670290476596574e-01 5.256765627899906423e-01 7.995031180554152961e-01
1.497945145207361384e-01 5.291184019620179813e-01 7.991731500242846842e-01
1.539266961952377166e-01 5.325504724313062654e-01 7.988668613702822885e-01
1.580634324171341365e-01 5.359730073304599385e-01 7.985846394302645868e-01
1.622046289352882809e-01 5.393861741538027443e-01 7.983272437844548541e-01
1.663501946940638965e-01 5.427903025589191355e-01 7.980943607346311364e-01
1.705001284385369298e-01 5.461859165822198214e-01 7.978842945710608037e-01
1.746545835455207696e-01 5.495735139414655857e-01 7.976953307661157622e-01
1.788137022161139511e-01 5.529530143264085318e-01 7.975295244038665965e-01
1.829776694350676025e-01 5.563246910230568165e-01 7.973865440175106345e-01
1.871467229126087817e-01 5.596888057406909089e-01 7.972660458632089275e-01
1.913214563392025835e-01 5.630461106908379865e-01 7.971640264315044133e-01
1.955020866732131157e-01 5.663964462392894195e-01 7.970828526661752900e-01
1.996889494868527293e-01 5.697399415857403726e-01 7.970228316343952457e-01
2.038824667665850021e-01 5.730768067140140642e-01 7.969836039322869548e-01
2.080831181077700265e-01 5.764072575623390149e-01 7.969646641220821115e-01
2.122920451159157618e-01 5.797320049846060863e-01 7.969614071546030631e-01
2.165092621653836313e-01 5.830506788300602317e-01 7.969776487202013815e-01
2.207353395213245140e-01 5.863634389661901425e-01 7.970130173262129913e-01
2.249708814932240841e-01 5.896704339466111167e-01 7.970671322168063622e-01
2.292165260013793171e-01 5.929718008401289042e-01 7.971396039986167192e-01
2.334736403683455586e-01 5.962680229358906514e-01 7.972267920150594156e-01
2.377425777346441338e-01 5.995589619916962265e-01 7.973303771469620882e-01
2.420238487096587066e-01 6.028445910366132532e-01 7.974510769822540368e-01
2.463182187212103469e-01 6.061249956944115835e-01 7.975885009962065952e-01
2.506264854834489575e-01 6.094002492029486628e-01 7.977422535298359652e-01
2.549494791277553962e-01 6.126704121124846303e-01 7.979119347782462901e-01
2.592887630891353989e-01 6.159357557085631818e-01 7.980947325823423144e-01
2.636450189401544630e-01 6.191962011600750104e-01 7.982912545737713694e-01
2.680187630031924395e-01 6.224516275987140856e-01 7.985025712956059785e-01
2.724109475231155097e-01 6.257020396392842798e-01 7.987283010281925888e-01
2.768225569803327568e-01 6.289474277464885965e-01 7.989680636487378473e-01
2.812546080704017015e-01 6.321877678471951034e-01 7.992214822032556176e-01
2.857081495772518798e-01 6.354230209367012217e-01 7.994881846086659971e-01
2.901842621116903498e-01 6.386531326830883204e-01 7.997678054944832304e-01
2.946845923487277918e-01 6.418781224821887843e-01 8.000586485231309108e-01
2.992102571418529533e-01 6.450978769749661224e-01 8.003605710662636818e-01
3.037619091311530295e-01 6.483122013138243878e-01 8.006745743561602957e-01
3.083407361360192001e-01 6.515209767535926622e-01 8.010003568036282440e-01
3.129479527722203724e-01 6.547240677929916375e-01 8.013376337834702268e-01
3.175847987140443807e-01 6.579213219126279766e-01 8.016861403414499154e-01
3.222525365618668647e-01 6.611125693670222292e-01 8.020456340720029109e-01
3.269524492664976911e-01 6.642976230437934726e-01 8.024158981656264178e-01
3.316858370597109973e-01 6.674762784047107989e-01 8.027967446217864067e-01
3.364540138391423629e-01 6.706483135248645366e-01 8.031880176194454712e-01
3.412583029554796532e-01 6.738134892477697369e-01 8.035895970330423355e-01
3.461000323505606380e-01 6.769715494757178043e-01 8.040014020767900504e-01
3.509805289971939524e-01 6.801222216160212053e-01 8.044233950545522926e-01
3.559011125955294785e-01 6.832652172049663575e-01 8.048555851863697930e-01
3.608630884863969768e-01 6.864002327321421237e-01 8.052980324758243214e-01
3.658677397505194495e-01 6.895269506882416577e-01 8.057508515751313771e-01
3.709163184729953322e-01 6.926450408593969321e-01 8.062142155970480895e-01
3.760100361661661283e-01 6.957541618904053982e-01 8.066883598146940004e-01
3.811500533607304897e-01 6.988539631376966543e-01 8.071735851823076402e-01
3.863374683947250476e-01 7.019440868305530934e-01 8.076702616021322889e-01
3.915733054531706503e-01 7.050241705556553606e-01 8.081788308553192746e-01
3.968585019374347711e-01 7.080938500754719866e-01 8.086998091083692497e-01
4.021938952722114435e-01 7.111527624852318485e-01 8.092337889015712715e-01
4.075819928045310570e-01 7.142004500661282007e-01 8.097792719391511129e-01
4.130218500386194092e-01 7.172366245310373145e-01 8.103390101763597864e-01
4.185137791655048622e-01 7.202609552245509139e-01 8.109140119866357077e-01
4.240580475372137115e-01 7.232731241162070335e-01 8.115052202362789124e-01
4.296547495741011580e-01 7.262728361718210346e-01 8.121136535864649231e-01
4.353037945513628659e-01 7.292598242266180586e-01 8.127404028117818369e-01
4.410050911909665916e-01 7.322338357608856318e-01 8.133864246674824550e-01
4.467601959272514134e-01 7.351944687246891874e-01 8.140509015728373265e-01
4.525660358208071776e-01 7.381417784253213599e-01 8.147375927701242526e-01
4.584216331916720066e-01 7.410756669871328972e-01 8.154478518006040844e-01
4.643257884172228844e-01 7.439960892828075822e-01 8.161830649626308221e-01
4.702772169589872209e-01 7.469030403395194861e-01 8.169445175518063040e-01
4.762759207535350314e-01 7.497963834687423335e-01 8.177321933534010823e-01
4.823179182448417701e-01 7.526765038349805259e-01 8.185494560493836724e-01
4.884011176061807125e-01 7.555436109248659937e-01 8.193977175282740610e-01
4.945232463141196466e-01 7.583979791558794759e-01 8.202783560878206259e-01
5.006825040453160014e-01 7.612398554526611516e-01 8.211921954353474939e-01
5.068755378562690428e-01 7.640697494830690495e-01 8.221411481052676162e-01
5.130992807625819330e-01 7.668881841066682581e-01 8.231266884080751245e-01
5.193509235293188864e-01 7.696956909089890386e-01 8.241499205227729163e-01
5.256274039015323973e-01 7.724928858114352703e-01 8.252119919164959683e-01
5.319254595485467529e-01 7.752804639738933856e-01 8.263140519594222022e-01
5.382422172174652353e-01 7.780591010948915143e-01 8.274568399602635349e-01
5.445747829075032742e-01 7.808295156479010402e-01 8.286410100965597714e-01
5.509197500236846512e-01 7.835925564678910549e-01 8.298674740986679010e-01
5.572737010547497150e-01 7.863491194204229595e-01 8.311370479109889686e-01
5.636347510726450460e-01 7.890998560709963083e-01 8.324494607142389757e-01
5.700003345051981585e-01 7.918455670208329744e-01 8.338048685660761628e-01
5.763680023063757485e-01 7.945870585717997869e-01 8.352033196401293935e-01
5.827333332322767179e-01 7.973255556762365304e-01 8.366460561083766123e-01
5.890958693935093304e-01 8.000615334767684494e-01 8.381318155569494888e-01
5.954538041518769864e-01 8.027957407924156685e-01 8.396602089683044001e-01
6.018052915740473852e-01 8.055289495627635521e-01 8.412308836608241025e-01
6.081486340857678030e-01 8.082619152317169764e-01 8.428434138686662358e-01
6.144803111871689483e-01 8.109958006685020759e-01 8.444984370856539746e-01
6.208004419636545812e-01 8.137310053353890016e-01 8.461944983887307314e-01
6.271082477699613245e-01 8.164681171115630853e-01 8.479307213180652392e-01
6.334026382584491133e-01 8.192077947429828866e-01 8.497064477825942985e-01
6.396826525975765065e-01 8.219506717531460671e-01 8.515209851593070756e-01
6.459474532068898434e-01 8.246973559350586624e-01 8.533736124864162997e-01
6.521956426891258873e-01 8.274485881583459879e-01 8.552639463936063668e-01
6.584261339153610892e-01 8.302050434481973440e-01 8.571914655555782359e-01
6.646396990773282276e-01 8.329669532387706798e-01 8.591547105486422309e-01
6.708359336513174398e-01 8.357348190385538445e-01 8.611528982866225590e-01
6.770145173835903085e-01 8.385091187026805226e-01 8.631852430491161465e-01
6.831752072005384813e-01 8.412903072576450869e-01 8.652509598285074155e-01
6.893178303155567122e-01 8.440788178265304920e-01 8.673492672706409889e-01
6.954422775851225591e-01 8.468750626303650497e-01 8.694793902321009682e-01
7.015484971541293691e-01 8.496794340439594029e-01 8.716405619790089654e-01
7.076364884194085159e-01 8.524923056872902860e-01 8.738320260533903872e-01
7.137062963306102237e-01 8.553140335361136826e-01 8.760530378335937840e-01
7.197573873967063607e-01 8.581451202460865790e-01 8.783031678901406236e-01
7.257905170902724246e-01 8.609857250890342595e-01 8.805813857467114092e-01
7.318059268073540125e-01 8.638361332839552542e-01 8.828869457747293703e-01
7.378037870379059449e-01 8.666966422939078596e-01 8.852191653604041255e-01
7.437842901001588958e-01 8.695675375825168141e-01 8.875773778494360222e-01
7.497476466341794765e-01 8.724490935828518312e-01 8.899609327412235649e-01
7.556940823847552169e-01 8.753415746317144697e-01 8.923691957487172033e-01
7.616238352563400316e-01 8.782452358677398374e-01 8.948015487409850532e-01
7.675371526216446805e-01 8.811603240926988434e-01 8.972573895840731950e-01
7.734342888649348158e-01 8.840870785961820744e-01 8.997361318943555286e-01
7.793155031406792110e-01 8.870257319445549182e-01 9.022372047172183551e-01
7.851810573281307049e-01 8.899765107356614191e-01 9.047600521426768516e-01
7.910312141624438187e-01 8.929396363213124577e-01 9.073041328683906226e-01
7.968662355230993199e-01 8.959153255000101845e-01 9.098689197194982370e-01
8.026863808606877759e-01 8.989037911827824079e-01 9.124538991337747262e-01
8.084919057432526923e-01 9.019052430353712291e-01 9.150585706198043345e-01
8.142830605037407743e-01 9.049198881003265305e-01 9.176824461951781364e-01
8.200600889701652463e-01 9.079479314029214043e-01 9.203250498111648081e-01
8.258232272602707980e-01 9.109895765450854999e-01 9.229859167698548639e-01
8.315727026223709295e-01 9.140450262919062041e-01 9.256645931394904547e-01
8.373087323039052343e-01 9.171144831556194976e-01 9.283606351735074202e-01
8.430315224287969755e-01 9.201981499823767008e-01 9.310736087387968540e-01
8.487412668641303171e-01 9.232962305475760356e-01 9.338030887588295581e-01
8.544381460557847197e-01 9.264089301660116682e-01 9.365486586775603195e-01
8.601223258113848136e-01 9.295364563237836775e-01 9.393099099505214378e-01
8.657939560073358853e-01 9.326790193396063966e-01 9.420864415701599714e-01
8.714531691946956204e-01 9.358368330640571831e-01 9.448778596333641255e-01
8.771000790758728405e-01 9.390101156263898075e-01 9.476837769602021178e-01
8.827347788208990131e-01 9.421990902398623691e-01 9.505038127742585496e-01
8.883573391877473968e-01 9.454039860781425775e-01 9.533375924565196113e-01
8.939678064059835005e-01 9.486250392373721807e-01 9.561847473865835445e-01
8.995661997762508522e-01 9.518624938010248338e-01 9.590449148869762963e-01
9.051525089299280458e-01 9.551166030278467334e-01 9.619177382884872562e-01
9.107266906824901254e-01 9.583876306873170270e-01 9.648028671364804465e-01
9.162886654006136000e-01 9.616758525723158035e-01 9.676999575597974301e-01
9.218383127855561687e-01 9.649815582256903168e-01 9.706086728246122730e-01
9.273754669525572369e-01 9.683050529265776474e-01 9.735286840943907505e-01
9.328999106560809107e-01 9.716466599948218041e-01 9.764596714124439414e-01
9.384113684710339021e-01 9.750067234887153100e-01 9.794013249125862464e-01
9.439094986868759030e-01 9.783856113947083655e-01 9.823533462416845774e-01
9.493938835996070802e-01 9.817837194404613887e-01 9.853154501375657182e-01
9.548640177884927249e-01 9.852014757089536667e-01 9.882873660338457045e-01
