1.896037974327135223e-01 1.924278206725577867e-01 3.967357073924128175e-01
1.916338257106866283e-01 1.944841110869997280e-01 4.031360437770198368e-01
1.936563126412100266e-01 1.965379289944863550e-01 4.095387052002866790e-01
1.956640989844737333e-01 1.985786291676822080e-01 4.160059603693387897e-01
1.976578667165703740e-01 2.006078801743689799e-01 4.225286226194285288e-01
1.996415767698924704e-01 2.026325056333181385e-01 4.290687978895357801e-01
2.016050111356103569e-01 2.046373138414940285e-01 4.357127043004342948e-01
2.035600022149888222e-01 2.066414664597072681e-01 4.423535903919291745e-01
2.054937299216476609e-01 2.086259551895577324e-01 4.490981097763145358e-01
2.074159712371637099e-01 2.106068036194408966e-01 4.558582285539482526e-01
2.093193572852574125e-01 2.125736833951495930e-01 4.626917499342211859e-01
2.112066006064067802e-01 2.145318502973815877e-01 4.695707581464336200e-01
2.130764796985227805e-01 2.164806196172900932e-01 4.765000762065798035e-01
2.149261405361856947e-01 2.184170098928891468e-01 4.834968063280057904e-01
2.167588195139337204e-01 2.203472394779132926e-01 4.905288119324489604e-01
2.185679276998008236e-01 2.222631117165861925e-01 4.976411044496022451e-01
2.203590967567413128e-01 2.241745158939121851e-01 5.047826134580158941e-01
2.221242386806575042e-01 2.260715677014942249e-01 5.120071210839265419e-01
2.238688652165554682e-01 2.279640991770986447e-01 5.192646465340094997e-01
2.255861165734941443e-01 2.298445684446219772e-01 5.265966069541087036e-01
2.272783184805749479e-01 2.317185423646083153e-01 5.339760615392407095e-01
2.289431663674992290e-01 2.335853264964670162e-01 5.414090354135081551e-01
2.305760611574790286e-01 2.354415806513805443e-01 5.489153492088559849e-01
2.321833144448799402e-01 2.372983754956547453e-01 5.564409205870231023e-01
2.337488403536571169e-01 2.391384743353776599e-01 5.640775571906153640e-01
2.352869375426154264e-01 2.409832295562501225e-01 5.717193144738090815e-01
2.367812326640188481e-01 2.428164244834504215e-01 5.794533473818940239e-01
2.382367397470546155e-01 2.446483300657054660e-01 5.872316145133251730e-01
2.396552828030313886e-01 2.464850690172614156e-01 5.950278753362738815e-01
2.410159956970648887e-01 2.483086755506292431e-01 6.029398793047935357e-01
2.423329355915868621e-01 2.501397835181479179e-01 6.108684161547470737e-01
2.436016811257123993e-01 2.519788683724295542e-01 6.188180798466427213e-01
2.448004211606276681e-01 2.538111168139133844e-01 6.268737775712768245e-01
2.459411917938450487e-01 2.556551601223743808e-01 6.349486753968817121e-01
2.470182428483337356e-01 2.575126420187724974e-01 6.430444987886811958e-01
2.480211790210714584e-01 2.593825246422942765e-01 6.511787269082638385e-01
2.489364332552621017e-01 2.612633016314679368e-01 6.593740329846635717e-01
2.497670046255461296e-01 2.631671238737137708e-01 6.675816332523926144e-01
2.505042111048600417e-01 2.650979200037433259e-01 6.757983392847759507e-01
2.511384302903206800e-01 2.670604378891579533e-01 6.840190536970935931e-01
2.516590564714336065e-01 2.690603888974821278e-01 6.922362909349752957e-01
2.520544859068420407e-01 2.711045948989502241e-01 7.004396443488809521e-01
2.523121444562490545e-01 2.732011263280754720e-01 7.086152177140773167e-01
2.524185750574067244e-01 2.753594139289644582e-01 7.167450532441929090e-01
2.523596054457534765e-01 2.775903102924963672e-01 7.248066055425996801e-01
2.521206180908451833e-01 2.799060708315294632e-01 7.327723306244590118e-01
2.516869432885827096e-01 2.823202190255071908e-01 7.406094783359321587e-01
2.510443911129717209e-01 2.848472599804635630e-01 7.482801904446836350e-01
2.501799268816742305e-01 2.875022125472081469e-01 7.557420087385442464e-01
2.490824768481464946e-01 2.902999462417097387e-01 7.629488800932412440e-01
2.477263156832308355e-01 2.932544367470845126e-01 7.698718970110350890e-01
2.461228143851327266e-01 2.963790850773896923e-01 7.764395808067616755e-01
2.442765663763165063e-01 2.996824603150894939e-01 7.826026045691568678e-01
2.421803035592007269e-01 3.031706781340906542e-01 7.883302404578678146e-01
2.398673297627778034e-01 3.068414161236730497e-01 7.935751396693955240e-01
2.373553948521535673e-01 3.106885420017329591e-01 7.983192042294595669e-01
2.346757329333231112e-01 3.146994242944297637e-01 8.025530148314288237e-01
2.318615298918988987e-01 3.188570841990537863e-01 8.062821248626714787e-01
2.289482946772973260e-01 3.231411984727001196e-01 8.095245239667262505e-01
2.259618446689966031e-01 3.275323300637801860e-01 8.123081649772321278e-01
2.229461785955061393e-01 3.320056489627725704e-01 8.146674583305761885e-01
2.199123660957681969e-01 3.365455614844344301e-01 8.166391340555919642e-01
2.168894681785211165e-01 3.411324518791502003e-01 8.182617125976695549e-01
2.139019834815665266e-01 3.457490092095475975e-01 8.195741123131626837e-01
2.109545676161009853e-01 3.503853432191363915e-01 8.206084778825213366e-01
2.080639312857659462e-01 3.550292596968581127e-01 8.213976787859331719e-01
2.052537237099473777e-01 3.596675162584460073e-01 8.219762284750448122e-01
2.025193714104223108e-01 3.642970105081746457e-01 8.223651842044112925e-01
1.998697956466541359e-01 3.689113958439294572e-01 8.225880839355624863e-01
1.973127529057213114e-01 3.735055638722442062e-01 8.226659828664488749e-01
1.948604268231240721e-01 3.780737113085776979e-01 8.226207129744080859e-01
1.925166595096078348e-01 3.826133702676097204e-01 8.224681421648816215e-01
1.902817043692089372e-01 3.871237642901652620e-01 8.222201564411293351e-01
1.881601610487370346e-01 3.916031356085161730e-01 8.218896284379062500e-01
1.861561143239568450e-01 3.960502408392033713e-01 8.214879409053882364e-01
1.842731965547340367e-01 4.004642607493781870e-01 8.210251547764045865e-01
1.825146369645694044e-01 4.048447235072571981e-01 8.205101624949308059e-01
1.808832994907844660e-01 4.091914399059518592e-01 8.199508261919716823e-01
1.793817109485938699e-01 4.135044490386757254e-01 8.193541010539610037e-01
1.780120811879928877e-01 4.177839729784985079e-01 8.187261446937217357e-01
1.767763168212923841e-01 4.220303791379989011e-01 8.180724135920455220e-01
1.756760299779463186e-01 4.262441491271226623e-01 8.173977477945836290e-01
1.747125434117267062e-01 4.304258530747359091e-01 8.167064450718253266e-01
1.738868931487675684e-01 4.345761285208543101e-01 8.160023257138918629e-01
1.731998297270632703e-01 4.386956631168106302e-01 8.152887890606650423e-01
1.726518189394369573e-01 4.427851804873068620e-01 8.145688627779734681e-01
1.722430428544626524e-01 4.468454287105711464e-01 8.138452457932020545e-01
1.719734017532887349e-01 4.508771709612698353e-01 8.131203457058405748e-01
1.718425174864642857e-01 4.548811779363580166e-01 8.123963113946003345e-01
1.718497386245625702e-01 4.588582217480238756e-01 8.116750614552502574e-01
1.719941476516693157e-01 4.628090710217557802e-01 8.109583090235475966e-01
1.722745703335185619e-01 4.667344869826183795e-01 8.102475834659672582e-01
1.726895872844730062e-01 4.706352203504201026e-01 8.095442493572639897e-01
1.732375476615183596e-01 4.745120088956906179e-01 8.088495231078374204e-01
1.739165848310718909e-01 4.783655755342953175e-01 8.081644875547958629e-01
1.747246337868164079e-01 4.821966268599272021e-01 8.074901047879301519e-01
1.756594500446993501e-01 4.860058520314562425e-01 8.068272274447545467e-01
1.767186297053788546e-01 4.897939219466998506e-01 8.061766086767713224e-01
1.778996303535193002e-01 4.935614886462559858e-01 8.055389109614868870e-01
1.791997924572038825e-01 4.973091849009570464e-01 8.049147139109622540e-01
1.806163609371989331e-01 5.010376239446867608e-01 8.043045212072016392e-01
1.821465065933933203e-01 5.047473993210356280e-01 8.037087667771666277e-01
1.837873471019846605e-01 5.084390848178071964e-01 8.031278203051066544e-01
1.855360131297388859e-01 5.121132142778404006e-01 8.025620808331846989e-01
1.873894545043804649e-01 5.157703754153509790e-01 8.020115700729978370e-01
1.893447451432687112e-01 5.194110877257104297e-01 8.014764614272045229e-01
1.913990006696767443e-01 5.230358425711207904e-01 8.009569190216870860e-01
1.935493740732539547e-01 5.266451118484872795e-01 8.004530642533304041e-01
1.957930699520688544e-01 5.302393481483488324e-01 7.999649786467593060e-01
1.981273573886687678e-01 5.338189849060436254e-01 7.994927064668091443e-01
2.005495814576911950e-01 5.373844365400389789e-01 7.990362571198034169e-01
2.030571733872672535e-01 5.409360985732626359e-01 7.985956073729731930e-01
2.056476594171276484e-01 5.444743477339875071e-01 7.981707034182190519e-01
2.083186684124529453e-01 5.479995420334350387e-01 7.977614628037394962e-01
2.110679383049703928e-01 5.515120208177352046e-01 7.973677762548054826e-01
2.138933214412486739e-01 5.550121047923149975e-01 7.969895094031055338e-01
2.167927889234627092e-01 5.585000960171252471e-01 7.966265044425278052e-01
2.197644102512633646e-01 5.619763029656958953e-01 7.962784323053765378e-01
2.228063599370638803e-01 5.654410537505669687e-01 7.959446949998498777e-01
2.259170778427496695e-01 5.688945062795197627e-01 7.956255823746269940e-01
2.290950400784866892e-01 5.723368844166843994e-01 7.953208744781136152e-01
2.323388496773288736e-01 5.757683931077348660e-01 7.950303357477369604e-01
2.356472366837812915e-01 5.791892181931707073e-01 7.947537164767802809e-01
2.390190577881061151e-01 5.825995261891094845e-01 7.944907543073688183e-01
2.424532955610961271e-01 5.859994640363348495e-01 7.942411757616097967e-01
2.459490573362927979e-01 5.893891588186978003e-01 7.940046978227991437e-01
2.495055737789494410e-01 5.927687174523342817e-01 7.937810295785669989e-01
2.531221971729218922e-01 5.961382263476542320e-01 7.935698739378290734e-01
2.567983994487736399e-01 5.994977510465665516e-01 7.933709294334195805e-01
2.605337699683834551e-01 6.028473358380286307e-01 7.931838921222380545e-01
2.643280130734732558e-01 6.061870033557260617e-01 7.930084575947111691e-01
2.681809453976470858e-01 6.095167541625015062e-01 7.928443231052108020e-01
2.720924929339673670e-01 6.128365663270819441e-01 7.926911898348584229e-01
2.760626878425061492e-01 6.161463949997253442e-01 7.925487652977389885e-01
2.800916649750118670e-01 6.194461719945895117e-01 7.924167659010272757e-01
2.841796580868348743e-01 6.227358053879669120e-01 7.922949196687280038e-01
2.883269956992629557e-01 6.260151791430097479e-01 7.921829691376882643e-01
2.925340965689971484e-01 6.292841527732109252e-01 7.920806744331945204e-01
2.968014647154819108e-01 6.325425610586530301e-01 7.919878165296768691e-01
3.011296839511097834e-01 6.357902138309883266e-01 7.919042006999127414e-01
3.055196266007642047e-01 6.390269377846382604e-01 7.918290587772289779e-01
3.099723343520392471e-01 6.422525301024247790e-01 7.917615331032977766e-01
3.144882326780428783e-01 6.454666378721257702e-01 7.917026459388004644e-01
3.190681710705969842e-01 6.486689667097608192e-01 7.916523442648517594e-01
3.237130404583088983e-01 6.518591977359599055e-01 7.916106220010303840e-01
3.284237630075449443e-01 6.550369882887988604e-01 7.915775246207458204e-01
3.332012809377217222e-01 6.582019728889584309e-01 7.915531538547201373e-01
3.380465442993790814e-01 6.613537644900950863e-01 7.915376724409113329e-01
3.429604976758262591e-01 6.644919560480605503e-01 7.915313088704044597e-01
3.479458193634216157e-01 6.676161800819754299e-01 7.915313248574832317e-01
3.530021503433280472e-01 6.707259062160924046e-01 7.915405572660858535e-01
3.581300548676074613e-01 6.738206644260125167e-01 7.915599706127486312e-01
3.633302860818658497e-01 6.768999875767374164e-01 7.915901376945104762e-01
3.686035031093131686e-01 6.799634031633619013e-01 7.916317214220113252e-01
3.739519784513563594e-01 6.830104010042911122e-01 7.916830510004804200e-01
3.793757303804735637e-01 6.860404754219490142e-01 7.917457841086964487e-01
3.848738074745811644e-01 6.890531798337174996e-01 7.918226234106990891e-01
3.904462421023056629e-01 6.920480706234989343e-01 7.919146645710428700e-01
3.960943249320490467e-01 6.950246454131199236e-01 7.920213309462839080e-01
4.018180583535641559e-01 6.979824534501656297e-01 7.921436294657152599e-01
4.076148746700125614e-01 7.009212364284254093e-01 7.922853299516622316e-01
4.134838056757491609e-01 7.038406928917542160e-01 7.924479481246690105e-01
4.194263124397724085e-01 7.067403434997444611e-01 7.926302143719757831e-01
4.254383019536442934e-01 7.096201802552426496e-01 7.928366788980980573e-01
4.315174380874711724e-01 7.124801301642785800e-01 7.930695611923288535e-01
4.376630304576396013e-01 7.153200022762622456e-01 7.933291926351287993e-01
4.438715251260450523e-01 7.181399336345802853e-01 7.936185014619588918e-01
4.501390855561821502e-01 7.209401721801718121e-01 7.939402955777425941e-01
4.564632915904789923e-01 7.237208708961218040e-01 7.942957734995693686e-01
4.628400012684810716e-01 7.264824464229945322e-01 7.946874354030583065e-01
4.692649048008880608e-01 7.292254161401126034e-01 7.951176102167307747e-01
4.757339881386163927e-01 7.319503338772465062e-01 7.955880991801275171e-01
4.822426682436473100e-01 7.346579036675305874e-01 7.961009302911642438e-01
4.887867612132643091e-01 7.373488462276563959e-01 7.966575815904299862e-01
4.953608545814655595e-01 7.400241382067803686e-01 7.972602830503224824e-01
5.019606413630842701e-01 7.426846665070135911e-01 7.979102056968672141e-01
5.085824076168605767e-01 7.453312827128955043e-01 7.986079551624299944e-01
5.152200505713939727e-01 7.479652927866753398e-01 7.993557527046101230e-01
5.218696478131469307e-01 7.505877150579435275e-01 8.001540980610678533e-01
5.285284402447076868e-01 7.531994093994245354e-01 8.010026415123553400e-01
5.351911692855448877e-01 7.558017209385167190e-01 8.019027187059607487e-01
5.418527597582152300e-01 7.583960311479162053e-01 8.028554380095438425e-01
5.485124349928371945e-01 7.609829633207293442e-01 8.038590551828991293e-01
5.551670787116500527e-01 7.635635907742096551e-01 8.049134314711303695e-01
5.618101183653454456e-01 7.661397085853085542e-01 8.060205972910143846e-01
5.684413085170066937e-01 7.687119089096148272e-01 8.071785799580500909e-01
5.750593300492666815e-01 7.712809910356182019e-01 8.083861915211506544e-01
5.816620155734028019e-01 7.738479357476693021e-01 8.096428345936848014e-01
5.882447605193573681e-01 7.764142632211026296e-01 8.109493952508162185e-01
5.948066423333766561e-01 7.789807394881326230e-01 8.123045969858370130e-01
6.013480680211843454e-01 7.815478317264072938e-01 8.137064920016420233e-01
6.078677404178729482e-01 7.841163702439039040e-01 8.151542172592525226e-01
6.143645416776466472e-01 7.866871476610283187e-01 8.166468742417591908e-01
6.208367735998548964e-01 7.892610925713653414e-01 8.181839513037615363e-01
6.272817182109485801e-01 7.918393826933698421e-01 8.197655439508804154e-01
6.337016399557636737e-01 7.944220280171447879e-01 8.213890713869731464e-01
6.400960449701358357e-01 7.970096641678525717e-01 8.230535634358522312e-01
6.464645581967329857e-01 7.996028921701814340e-01 8.247580497291374657e-01
6.528069126217990181e-01 8.022022796900490915e-01 8.265015642449099476e-01
6.591229388782753329e-01 8.048083624254432911e-01 8.282831492978766086e-01
6.654125552886087647e-01 8.074216456087067728e-01 8.301018590137680953e-01
6.716757584013293148e-01 8.100426055868299446e-01 8.319567623234374043e-01
6.779125700556037915e-01 8.126717028563187339e-01 8.338469680803956008e-01
6.841219171929533438e-01 8.153096754800926993e-01 8.357721932154983380e-01
6.903054480064774179e-01 8.179565443966443361e-01 8.377308098389123492e-01
6.964633785887570649e-01 8.206126874542029048e-01 8.397219752682293370e-01
7.025959628165487914e-01 8.232784623458342388e-01 8.417448709473911439e-01
7.087034864538339640e-01 8.259542081163515626e-01 8.437987032262515008e-01
7.147862617525595486e-01 8.286402466201757688e-01 8.458827039237851730e-01
7.208446225265043861e-01 8.313368839241879193e-01 8.479961307033100359e-01
7.268789196712476253e-01 8.340444116515147721e-01 8.501382672859704170e-01
7.328895171016680532e-01 8.367631082637323470e-01 8.523084235266652486e-01
7.388767880774075314e-01 8.394932402804049509e-01 8.545059353746056185e-01
7.448411118863966784e-01 8.422350634360036281e-01 8.567301647387659536e-01
7.507828708565826847e-01 8.449888237752452014e-01 8.589804992767259284e-01
7.567024476663603005e-01 8.477547586887199671e-01 8.612563521237629471e-01
7.626002229247540454e-01 8.505330978913836493e-01 8.635571615775752274e-01
7.684765729932085954e-01 8.533240643470439979e-01 8.658823907527106734e-01
7.743318680215377503e-01 8.561278751425140943e-01 8.682315272176559517e-01
7.801663106286367277e-01 8.589447898186330921e-01 8.706041604326361094e-01
7.859797886676100909e-01 8.617751562404886156e-01 8.730000525594506788e-01
7.917732637031023035e-01 8.646189951202328805e-01 8.754184603410052334e-01
7.975470753627273979e-01 8.674765046262115087e-01 8.778589608072888684e-01
8.033015489029987632e-01 8.703478809458286003e-01 8.803211540545050617e-01
8.090369939762216411e-01 8.732333189715556498e-01 8.828046630055775834e-01
8.147537034389278343e-01 8.761330129717933568e-01 8.853091332290391469e-01
8.204519521748312449e-01 8.790471572540417000e-01 8.878342328284718477e-01
8.261319959038074812e-01 8.819759468286419990e-01 8.903796524159168779e-01
8.317940699460956155e-01 8.849195780823779778e-01 8.929451051844056186e-01
8.374383879077259563e-01 8.878782494725392382e-01 8.955303270971378682e-01
8.430651402487626678e-01 8.908521622537282081e-01 8.981350772140229699e-01
8.486744926899129071e-01 8.938415212519033037e-01 9.007591381804894715e-01
8.542658913449882041e-01 8.968467561440073288e-01 9.034026653002336094e-01
8.598400836256840929e-01 8.998678807435667171e-01 9.060651738620778550e-01
8.653972935440761294e-01 9.029050697732059483e-01 9.087464497497410587e-01
8.709375692724102835e-01 9.059585504578421267e-01 9.114463776467128797e-01
8.764609208875858704e-01 9.090285591647407903e-01 9.141648722996763565e-01
8.819673161653299731e-01 9.121153430157591391e-01 9.169018809831617212e-01
8.874566754199069152e-01 9.152191618130930406e-01 9.196573866202858438e-01
8.929288651029200219e-01 9.183402903751753943e-01 9.224314117418447312e-01
8.983836203306502233e-01 9.214790441128043463e-01 9.252240600703831586e-01
9.038203203551460341e-01 9.246358531925857882e-01 9.280356378860962208e-01
9.092391385640173906e-01 9.278108860580858153e-01 9.308660471750844767e-01
9.146396179116731417e-01 9.310045153001629270e-01 9.337155363250102535e-01
9.200211751960023498e-01 9.342171536911102470e-01 9.365844393400802881e-01
9.253830696777187725e-01 9.374492648887987611e-01 9.394731959726322357e-01
9.307243591910236979e-01 9.407013783419830855e-01 9.423823798147079600e-01
9.360438368616795790e-01 9.439741107104246964e-01 9.453127386669618604e-01
9.413398551270175663e-01 9.472682248813145689e-01 9.482653003849429441e-01
9.466103664933492867e-01 9.505846171580271120e-01 9.512413615848981374e-01
9.518526862519228748e-01 9.539243968596725631e-01 9.542426345547080357e-01
9.570627807054842284e-01 9.572891248052667335e-01 9.572716765652046211e-01
9.622345264635655537e-01 9.606810626355263283e-01 9.603323604646391010e-01
9.673576011650258932e-01 9.641038806400860084e-01 9.634311791796102975e-01
9.724107747611786534e-01 9.675649072625501779e-01 9.665813688933536652e-01
9.773044281062016614e-01 9.710943825536376695e-01 9.698379323917462047e-01
