6.465487351960508278e-02 1.394254180371505836e-01 9.733674192304794803e-02
6.800990806816514800e-02 1.422532031303517241e-01 1.017432320517207001e-01
7.126164169346191346e-02 1.450859225322674029e-01 1.061413136866166118e-01
7.439726748833139225e-02 1.479283328880949266e-01 1.105266450665093048e-01
7.740001093689213851e-02 1.507854983414522732e-01 1.149018200208160034e-01
8.024483048842379063e-02 1.536645283272409790e-01 1.192661113795802641e-01
8.289753343326972113e-02 1.565754331058181459e-01 1.236078656397911757e-01
8.531265904132753763e-02 1.595308337707317947e-01 1.279135106441774972e-01
8.742930854487407366e-02 1.625470826211913578e-01 1.321634266080917441e-01
8.917939818955245013e-02 1.656434565975929418e-01 1.363166994361142137e-01
9.051082448905536926e-02 1.688365627739401853e-01 1.403122302012009270e-01
9.142026665931302087e-02 1.721314798665236068e-01 1.440852486932779342e-01
9.198268203138998400e-02 1.755137410518500529e-01 1.475915502141655344e-01
9.231200767757011261e-02 1.789568702118982668e-01 1.508323883588239822e-01
9.250359130060983870e-02 1.824365395288334857e-01 1.538415055144686794e-01
9.261671404288818188e-02 1.859362992280506333e-01 1.566599697643915323e-01
9.268585540168317038e-02 1.894459147670091437e-01 1.593234736809843177e-01
9.272668631873207112e-02 1.929600037159426296e-01 1.618595979902168747e-01
9.274415213702100202e-02 1.964760932817029015e-01 1.642884378082819785e-01
9.275279294396718277e-02 1.999902670737316313e-01 1.666269356068880436e-01
9.274200823385844727e-02 2.035040152644280731e-01 1.688848093683898710e-01
9.271437111416730437e-02 2.070163724466169142e-01 1.710710698052534950e-01
9.267127812650777230e-02 2.105267679245466650e-01 1.731928558517884520e-01
9.261146384349086547e-02 2.140352617439374994e-01 1.752554036768402823e-01
9.252588301132608217e-02 2.175434645783855259e-01 1.772608481135654335e-01
9.243136935540913202e-02 2.210480827190690611e-01 1.792171540408890040e-01
9.231159414304654365e-02 2.245521943121581154e-01 1.811231049019469408e-01
9.216684726525270488e-02 2.280557030081264980e-01 1.829811683074239193e-01
9.200078449937859615e-02 2.315579280626455794e-01 1.847944881246384174e-01
9.181595141545434435e-02 2.350584413608182155e-01 1.865656955046254839e-01
9.160535500822136745e-02 2.385585398606999141e-01 1.882942237705029498e-01
9.136901553244378138e-02 2.420582427368809242e-01 1.899813574091234747e-01
9.110688472558034490e-02 2.455575904155831712e-01 1.916281894415355624e-01
9.081886843073685989e-02 2.490566381252644068e-01 1.932356495851735578e-01
9.050484505434316929e-02 2.525554508429113665e-01 1.948045278260949753e-01
9.016672868778050076e-02 2.560537622962194004e-01 1.963362016350173045e-01
8.980301845783739134e-02 2.595518825735821933e-01 1.978307872118370558e-01
8.941229944711465150e-02 2.630500968475058543e-01 1.992883107278128341e-01
8.899453594795825317e-02 2.665484624488568821e-01 2.007091863192432268e-01
8.854971708629866267e-02 2.700470349298980666e-01 2.020937617372912665e-01
8.807786411252077619e-02 2.735458669249920538e-01 2.034423264879494098e-01
8.757903716397896776e-02 2.770450072698141808e-01 2.047551187709187315e-01
8.705334169746448136e-02 2.805445003257086567e-01 2.060323314016856422e-01
8.650093476141046400e-02 2.840443854663567413e-01 2.072741168701372483e-01
8.592203125567393629e-02 2.875446966923242975e-01 2.084805916636608969e-01
8.531691031005061987e-02 2.910454623457234269e-01 2.096518399617594008e-01
8.468592190025872601e-02 2.945467049025448647e-01 2.107879167919564090e-01
8.402949381112731486e-02 2.980484408244513661e-01 2.118888507225052398e-01
8.334813905022167568e-02 3.015506804552194331e-01 2.129546461555687498e-01
8.264246381096987393e-02 3.050534279497085222e-01 2.139852852747285983e-01
8.191317608149153995e-02 3.085566812253969227e-01 2.149807296925015931e-01
8.116109499369941749e-02 3.120604319282387906e-01 2.159409218367330241e-01
8.038716100607692927e-02 3.155646654059579004e-01 2.168657861090713679e-01
7.959244701255976939e-02 3.190693606829672069e-01 2.177552298439939804e-01
7.877817046829599379e-02 3.225744904319525763e-01 2.186091440929244234e-01
7.794570662056971022e-02 3.260800209377963665e-01 2.194274042547144643e-01
7.709660292855455288e-02 3.295859120500268524e-01 2.202098705710665572e-01
7.623275619654901192e-02 3.330920986154848329e-01 2.209564531235055918e-01
7.535586310592387593e-02 3.365985558088063767e-01 2.216668857448508279e-01
7.446798521500455625e-02 3.401052345092784313e-01 2.223409435327721728e-01
7.357152191621763038e-02 3.436120677234427156e-01 2.229784250239660870e-01
7.266913986052170316e-02 3.471189811754354926e-01 2.235791156092483134e-01
7.176379570870389246e-02 3.506258931400097478e-01 2.241427875580244700e-01
7.085876015911679593e-02 3.541327142415787721e-01 2.246692000009048451e-01
6.995764308027305201e-02 3.576393472162449072e-01 2.251580988813514650e-01
6.906441948961786204e-02 3.611456866335469584e-01 2.256092168875183934e-01
6.818345601252465138e-02 3.646516185744203553e-01 2.260222733759736369e-01
6.731953732695522552e-02 3.681570202615560006e-01 2.263969742998288570e-01
6.647789194817751990e-02 3.716617596379991895e-01 2.267330121549293032e-01
6.566421653523030200e-02 3.751656948894306343e-01 2.270300659592289771e-01
6.488469770967811301e-02 3.786686739051273731e-01 2.272878012823087990e-01
6.414603017365708149e-02 3.821705336721033519e-01 2.275058703442501273e-01
6.345542970909009983e-02 3.856710995963870681e-01 2.276839122057953690e-01
6.282063944908541919e-02 3.891701847447717189e-01 2.278215530749789774e-01
6.224992765740860329e-02 3.926675889997232050e-01 2.279184067592738283e-01
6.175207516088337262e-02 3.961630981194012580e-01 2.279740752968659190e-01
6.133635058587579708e-02 3.996564826939490445e-01 2.279881498060348788e-01
6.101247169011760757e-02 4.031474969883735993e-01 2.279602115979271204e-01
6.079055139146526815e-02 4.066358776614035220e-01 2.278898336053835627e-01
6.068102760493793851e-02 4.101213423487403142e-01 2.277765821891090670e-01
6.069457672411743970e-02 4.136035880980770685e-01 2.276200193925272397e-01
6.084201151500311794e-02 4.170822896421691461e-01 2.274197057283811052e-01
6.113416529173706232e-02 4.205570974951058361e-01 2.271752035937649183e-01
6.158176543970728806e-02 4.240276358557834024e-01 2.268860814260826864e-01
6.219530053320467683e-02 4.274935003014151969e-01 2.265519187307610260e-01
6.298488632479173899e-02 4.309542552528036197e-01 2.261723121327425812e-01
6.396013661417876417e-02 4.344094311920437268e-01 2.257468826282371110e-01
6.513004530084348653e-02 4.378585216124394885e-01 2.252752842413522361e-01
6.650288569207196687e-02 4.413009796797285333e-01 2.247572143224933483e-01
6.808613234456734054e-02 4.447362145833547165e-01 2.241924257622830985e-01
6.988640940930498924e-02 4.481635875566548077e-01 2.235807414366401402e-01
7.190606098107094057e-02 4.515827867790493388e-01 2.229184020264589061e-01
7.415314466766251278e-02 4.549927592630295670e-01 2.222079078672218322e-01
7.663236006298584924e-02 4.583926375430580902e-01 2.214497957073729983e-01
7.934718548703384444e-02 4.617815333027654456e-01 2.206443127483895261e-01
8.230041531938850352e-02 4.651584823042346772e-01 2.197918991817549572e-01
8.549424915260994684e-02 4.685224378095254605e-01 2.188932274092346142e-01
8.892766416416969522e-02 4.718728370895997615e-01 2.179407637007421683e-01
9.260600479724059864e-02 4.752078569164062682e-01 2.169427471657078277e-01
9.653071434085752633e-02 4.785261045209383002e-01 2.159012121411558738e-01
1.007028078585966158e-01 4.818261669717480156e-01 2.148168644634614877e-01
1.051242281147269919e-01 4.851068378373328271e-01 2.136817470639067462e-01
1.097974575707545142e-01 4.883657538705476475e-01 2.125100049903638211e-01
1.147243018989837493e-01 4.916010734376027869e-01 2.113026061352446527e-01
1.199102047013089756e-01 4.948108280370231982e-01 2.100536323577987252e-01
1.253542940356693058e-01 4.979923080755440101e-01 2.087824616971128977e-01
1.310658176407958619e-01 5.011430457309360431e-01 2.074801932290452067e-01
1.370425676902992385e-01 5.042600824534957393e-01 2.061681282097394541e-01
1.432954892524764545e-01 5.073401748261635591e-01 2.048431704222788419e-01
1.498193264773300115e-01 5.103801706100432600e-01 2.035310887484977349e-01
1.566290812383900610e-01 5.133759567561608783e-01 2.022303793071339451e-01
1.637161675843494812e-01 5.163241852209454752e-01 2.009723100712262345e-01
1.710801647201602160e-01 5.192210714162519558e-01 1.997773574971398181e-01
1.787254131718586658e-01 5.220622499406954997e-01 1.986638361266959696e-01
1.866350981169328793e-01 5.248448458517778192e-01 1.976698730545881633e-01
1.947934368193192101e-01 5.275661686661594629e-01 1.968303057280360591e-01
2.031774829087123480e-01 5.302244943260270293e-01 1.961831097549022740e-01
2.117554445895822313e-01 5.328195246501918891e-01 1.957683637480722716e-01
2.204869246019444673e-01 5.353527077833544201e-01 1.956255632884176809e-01
2.293243102709984216e-01 5.378274126430957480e-01 1.957904527963196251e-01
2.382147696900193123e-01 5.402489640877841115e-01 1.962920342510600658e-01
2.471064906166073327e-01 5.426239794277611939e-01 1.971490050360792945e-01
2.559517614654818196e-01 5.449598852253185743e-01 1.983691184669690299e-01
2.647101684501524388e-01 5.472642664177999050e-01 1.999496037847721674e-01
2.733506415288556868e-01 5.495442552178365636e-01 2.018788503296062853e-01
2.818448852427887785e-01 5.518073152448439433e-01 2.041392708608088524e-01
2.901730498004745362e-01 5.540601133007790891e-01 2.067080332594531389e-01
2.983396134006115474e-01 5.563052438359923357e-01 2.095601866232901234e-01
3.063274984034659032e-01 5.585492615248659476e-01 2.126702530468129737e-01
3.141462355093226910e-01 5.607937807621719006e-01 2.160140315117448084e-01
3.217949729931225966e-01 5.630422333934440582e-01 2.195677974143475097e-01
3.292861644422035439e-01 5.652951721314812827e-01 2.233115395389504432e-01
3.366124200057851734e-01 5.675571275711890351e-01 2.272223720870336083e-01
3.437997251654603681e-01 5.698252327617812085e-01 2.312877590833484764e-01
3.508445069425924490e-01 5.721027836556348278e-01 2.354890837609096010e-01
3.577502731987260987e-01 5.743914431507890495e-01 2.398105068428464937e-01
3.645354729938040106e-01 5.766891160815090789e-01 2.442440289487863292e-01
3.712056701298459549e-01 5.789964585557015875e-01 2.487785881314394931e-01
3.777664400008524104e-01 5.813139728843255138e-01 2.534043044027446401e-01
3.842187837290589880e-01 5.836432069998109817e-01 2.581098082744939792e-01
3.905703542206165890e-01 5.859838976516578146e-01 2.628881907912995475e-01
3.968305672985683596e-01 5.883351171390717171e-01 2.677350396659040066e-01
4.030043085173802830e-01 5.906969743396999206e-01 2.726444070551951593e-01
4.090962583861873503e-01 5.930695203616257460e-01 2.776110507081578360e-01
4.151108821536222959e-01 5.954527596686305380e-01 2.826303581795549524e-01
4.210524248913941614e-01 5.978466596230844754e-01 2.876982768986662276e-01
4.269249106905479985e-01 6.002511586265495414e-01 2.928112502679543483e-01
4.327321449998446923e-01 6.026661730277030893e-01 2.979661597278560059e-01
4.384777193182347599e-01 6.050916029540363006e-01 3.031602725633149031e-01
4.441650176063864919e-01 6.075273372094802671e-01 3.083911951258918038e-01
4.497960637680211149e-01 6.099736269411336620e-01 3.136557304907028332e-01
4.553699144729220216e-01 6.124316409335739397e-01 3.189480728868732684e-01
4.608940028060408145e-01 6.148998131116015786e-01 3.242708106623098385e-01
4.663710480136247782e-01 6.173780004980368163e-01 3.296225788872593210e-01
4.718035978195991853e-01 6.198660641194179144e-01 3.350021872672167000e-01
4.771940380302564511e-01 6.223638705562324347e-01 3.404085966226726434e-01
4.825446019517962148e-01 6.248712931633055856e-01 3.458408982341571458e-01
4.878518058310738481e-01 6.273901815485994904e-01 3.512917933957759864e-01
4.931192976504064629e-01 6.299199006650489929e-01 3.567620983081881691e-01
4.983527742388253468e-01 6.324590018503949418e-01 3.622555900805252693e-01
5.035539892536456952e-01 6.350073772855866494e-01 3.677717752717641897e-01
5.087245812803901091e-01 6.375649296682068812e-01 3.733102186733860406e-01
5.138555010866243666e-01 6.401355654918140514e-01 3.788565873600066580e-01
5.189588673172925715e-01 6.427152765392222245e-01 3.844239880917134089e-01
5.240360927845152395e-01 6.453039664288765520e-01 3.900122217172264927e-01
5.290870349869686295e-01 6.479021230340104021e-01 3.956190570416493468e-01
5.341045527134271609e-01 6.505130152520292031e-01 4.012321648243237782e-01
5.390997782293351914e-01 6.531327150993229136e-01 4.068651795802716853e-01
5.440737646903677227e-01 6.557611776245492186e-01 4.125179560374699905e-01
5.490198426470742632e-01 6.584015145923961532e-01 4.181786534782871434e-01
5.539430095505785134e-01 6.610521160523129547e-01 4.238528010087051490e-01
5.588480479706101622e-01 6.637113685752668024e-01 4.295461740739910939e-01
5.637302237964733065e-01 6.663816187635395183e-01 4.352496954222697112e-01
5.685900264600456389e-01 6.690630588705464010e-01 4.409623161145821979e-01
5.734343643891041120e-01 6.717530803982568743e-01 4.466938194509658122e-01
5.782582666156192985e-01 6.744541714877408944e-01 4.524344819751922597e-01
5.830623119190316839e-01 6.771664498774330188e-01 4.581836227965327413e-01
5.878531714139553221e-01 6.798872840963253728e-01 4.639514189472793704e-01
5.926239800908390531e-01 6.826200702911467966e-01 4.697244265302931709e-01
5.973789285246398073e-01 6.853632599597939690e-01 4.755086270997584408e-01
6.021226393148898515e-01 6.881150243225798713e-01 4.813113142040176817e-01
6.068451274903280401e-01 6.908803043697984148e-01 4.871126018663254897e-01
6.115568170978662454e-01 6.936545578176948057e-01 4.929307322670505864e-01
6.162555174784929424e-01 6.964390863792732089e-01 4.987604903407423795e-01
6.209375053457060201e-01 6.992359803881121882e-01 5.045933039315102508e-01
6.256110600571849201e-01 7.020415325104962800e-01 5.104444416999308620e-01
6.302681112548593756e-01 7.048599569604666604e-01 5.162965358879352262e-01
6.349151887248239978e-01 7.076883394831957608e-01 5.221617123893269596e-01
6.395518651081824046e-01 7.105271473816985317e-01 5.280381398263620518e-01
6.441744231670372134e-01 7.133785365636085007e-01 5.339168026813737589e-01
6.487907461435491463e-01 7.162387679420895159e-01 5.398136250921186097e-01
6.533917097912019800e-01 7.191127894690610978e-01 5.457076715166144787e-01
6.579861971500000628e-01 7.219962802416619585e-01 5.516174968271218004e-01
6.625698474199922527e-01 7.248917647564026012e-01 5.575324221147446302e-01
6.671441601231472562e-01 7.277987210203609170e-01 5.634548170045289295e-01
6.717114964486269324e-01 7.307161318163808428e-01 5.693892825451233319e-01
6.762671979526053700e-01 7.336467697793408460e-01 5.753238526477227888e-01
6.808190643457436853e-01 7.365866326367500605e-01 5.812762874233690091e-01
6.853577501111365322e-01 7.395411113564275274e-01 5.872229682495669900e-01
6.898931031412097736e-01 7.425049970833388358e-01 5.931871637454676494e-01
6.944181401437538037e-01 7.454824375616377896e-01 5.991506100344485830e-01
6.989383159215352137e-01 7.484705964669458034e-01 6.051262046805542250e-01
7.034505826083636837e-01 7.514714487403916232e-01 6.111052910985007580e-01
7.079568416949671983e-01 7.544841430497508661e-01 6.170919326334901589e-01
7.124571894837746777e-01 7.575088552987239154e-01 6.230855771832486401e-01
7.169507217328928705e-01 7.605463596950422511e-01 6.290829152857978501e-01
7.214399760561492903e-01 7.635953792261718220e-01 6.350900728370920678e-01
7.259219050672937046e-01 7.666579813981454494e-01 6.410977520020367804e-01
7.304008662889647230e-01 7.697317556547011996e-01 6.471174077096255584e-01
7.348722534807479168e-01 7.728197568761377978e-01 6.531350602129092353e-01
7.393416976742080982e-01 7.759187344963882627e-01 6.591662227042143218e-01
7.438035459816096928e-01 7.790324502617798075e-01 6.651934614885798291e-01
7.482642255531037900e-01 7.821570822090740949e-01 6.712351556821465337e-01
7.527174827463224416e-01 7.852968429549568308e-01 6.772715669755903223e-01
7.571701268824723163e-01 7.884475837485933614e-01 6.833228263633285282e-01
7.616156884969245144e-01 7.916137356961348015e-01 6.893679618120170938e-01
7.660610034068551233e-01 7.947910447793841149e-01 6.954278199986128062e-01
7.704997152632251378e-01 7.979839509421430277e-01 7.014811880516409470e-01
7.749383841749031276e-01 8.011882942339916269e-01 7.075486692893900864e-01
7.793710444539037052e-01 8.044083356467959245e-01 7.136097255089881575e-01
7.838037273088841461e-01 8.076401873383115548e-01 7.196838338890055864e-01
7.882310881256618940e-01 8.108877645804398737e-01 7.257519697683710858e-01
7.926584208945403054e-01 8.141476092570374412e-01 7.318316766196228951e-01
7.970811892897436968e-01 8.174231443677042463e-01 7.379062063586486753e-01
8.015037827986244423e-01 8.207114795680789943e-01 7.439904352488780903e-01
8.059226210226915210e-01 8.240154184885661870e-01 7.500705797456369561e-01
8.103410591336303037e-01 8.273327578544859007e-01 7.561581882481340777e-01
8.147565840404652482e-01 8.306655735854507894e-01 7.622430552786000346e-01
8.191714209568077276e-01 8.340124508218955679e-01 7.683328123252006758e-01
8.235842022306528731e-01 8.373746475669815448e-01 7.744213714517105274e-01
8.279959585857528115e-01 8.407516215328656450e-01 7.805119285671233698e-01
8.324065153793708260e-01 8.441437402289057035e-01 7.866029786457705564e-01
8.368156725866910950e-01 8.475514016383847160e-01 7.926928325325126590e-01
8.412244679116254176e-01 8.509740274807086058e-01 7.987849586188356943e-01
8.456314599541646659e-01 8.544130079570269043e-01 8.048724012215633383e-01
8.500388917626470198e-01 8.578667808759655733e-01 8.109639159036799994e-01
8.544440930817915891e-01 8.613377655457125082e-01 8.170469658227638154e-01
8.588504701439965139e-01 8.648234036764481658e-01 8.231357808865746861e-01
8.632541874810217841e-01 8.683271408044538342e-01 8.292121321107828180e-01
8.676590527202854286e-01 8.718460255031103001e-01 8.352925427241134626e-01
8.720621511138886284e-01 8.753827907509322825e-01 8.413625174866744549e-01
8.764656303722121455e-01 8.789358407615006641e-01 8.474313219900980743e-01
8.808681020206411416e-01 8.825066397164339493e-01 8.534913485244561837e-01
8.852701335578878616e-01 8.860949460335214578e-01 8.595444496414900160e-01
8.896717275888095244e-01 8.897010055971914522e-01 8.655898099990704253e-01
8.940719543124370228e-01 8.933259256334289411e-01 8.716217360554912030e-01
8.984720272909426653e-01 8.969688232492191160e-01 8.776459136644089165e-01
9.028695877529884228e-01 9.006321584137326752e-01 8.836489311740135522e-01
9.072664810820245673e-01 9.043143891771900922e-01 8.896405230350469262e-01
9.116598713041093038e-01 9.080184533820450099e-01 8.956045820661289181e-01
9.160505849075880613e-01 9.117436753820613582e-01 9.015463150900718814e-01
9.204361259242420656e-01 9.154925951262937733e-01 9.074523856170465530e-01
9.248147134608625253e-01 9.192669542233739000e-01 9.133146141769746817e-01
9.291832815743527041e-01 9.230698592370186750e-01 9.191166350926003314e-01
9.335336836609691158e-01 9.269071588709838494e-01 9.248352771679828610e-01
9.376983744790335917e-01 9.308617602473903130e-01 9.303161951979864730e-01
